[1] "The taxa modelled are:"
 [1] "ASH"            "BEECH"          "BIRCH"          "ELM"            "HEMLOCK"        "MAPLE"         
 [7] "OAK"            "OTHER.CONIFER"  "OTHER.HARDWOOD" "PINE"           "SPRUCE"         "TAMARACK"      

[1] "Summary of posterior parameter vals:"
                  mean         2.5%         50%       97.5%     n_eff      Rhat
phi[1]     62.33001080 4.628024e+01  60.3019000  87.9822175 353.46741 1.0097000
phi[2]     41.42895760 2.227873e+01  40.7352500  65.3240900 443.35017 1.0004941
phi[3]    144.05213000 1.124667e+02 141.2365000 196.3837500 303.64086 0.9981402
phi[4]     70.62293700 5.029387e+01  69.3033500  99.3683300 315.30326 1.0009247
phi[5]    131.83132700 9.540782e+01 129.9930000 182.9718750 365.51855 1.0035708
phi[6]     26.57830160 1.793677e+01  25.8469000  39.7023525 446.33668 0.9990323
phi[7]     88.04924320 5.998423e+01  87.0747500 118.6559750 281.44656 0.9996783
phi[8]     17.42294120 1.183534e+01  16.2784500  29.4259525 259.21952 1.0066051
phi[9]     70.93039060 6.268561e+01  70.4695500  81.8661775 359.54745 1.0053023
phi[10]   286.85289000 2.532689e+02 290.5180000 299.7290750 362.02832 0.9982443
phi[11]   108.11650860 6.931852e+01 108.1760000 159.6186250 435.01811 0.9981653
phi[12]     8.22137384 5.748947e+00   7.5895150  12.1766550  78.95022 1.0000869
psi[1]      0.45564326 2.534537e-01   0.4049455   1.1268645  87.33906 1.0187869
psi[2]      0.30286337 2.153218e-01   0.2900500   0.4510043 383.72961 1.0001053
psi[3]      0.17923986 1.574333e-01   0.1781940   0.2043494 457.53430 0.9992486
psi[4]      0.84273866 4.233603e-01   0.7515335   1.8014662 276.11514 1.0000901
psi[5]      0.22993611 2.005965e-01   0.2297145   0.2613739 500.00000 0.9983960
psi[6]      0.61665026 2.497655e-01   0.4896855   1.6748700 194.04291 1.0066555
psi[7]      0.21971614 1.958191e-01   0.2185520   0.2491294 415.71690 0.9990005
psi[8]      0.20012484 1.509509e-01   0.1983425   0.2580183 500.00000 0.9982997
psi[9]      0.38636130 3.026640e-01   0.3850110   0.4777860 500.00000 0.9985639
psi[10]     0.15969695 1.452051e-01   0.1594985   0.1763773 403.92610 0.9979992
psi[11]     0.27825951 2.235393e-01   0.2731675   0.3629197 391.83943 0.9990966
psi[12]     0.50285349 1.024209e-01   0.1884810   1.8543465  92.47395 0.9981975
gamma[1]    0.17317227 6.583043e-03   0.1465865   0.4631808 337.66987 1.0068519
gamma[2]    0.58639770 1.262377e-01   0.6173005   0.8258465 293.60929 0.9984141
gamma[3]    0.21376005 1.077457e-02   0.2083340   0.4617124 324.35219 0.9980026
gamma[4]    0.36685888 1.148662e-01   0.3687005   0.6018518 296.13558 0.9984180
gamma[5]    0.82597066 7.467648e-01   0.8282230   0.8892908 417.07067 0.9997697
gamma[6]    0.34586038 3.675799e-02   0.3685365   0.6209416 363.40809 1.0110113
gamma[7]    0.59132231 3.778188e-01   0.6011975   0.7292390 228.54277 0.9981389
gamma[8]    0.24358814 1.267273e-02   0.2187155   0.6014588 239.21869 1.0013309
gamma[9]    0.05286435 1.594767e-03   0.0395963   0.1784762 326.16836 1.0086324
gamma[10]   0.56526223 4.891392e-01   0.5707540   0.6203846 409.27494 0.9983152
gamma[11]   0.53437962 2.537896e-01   0.5557840   0.7238887 429.57263 0.9997232
gamma[12]   0.13054121 1.099788e-01   0.1306405   0.1493823 330.23826 1.0040776

[1] "WAIC:"
$waic
[1] 12570.24

$p_waic
[1] 44.07495

$lppd
[1] -6241.045

$p_waic_1
[1] 42.80468

