[1] "cal_pl_v0.3"

[1] "The taxa modelled are:"
 [1] "ASH"            "BEECH"          "BIRCH"          "ELM"            "HEMLOCK"        "MAPLE"         
 [7] "OAK"            "OTHER.CONIFER"  "OTHER.HARDWOOD" "PINE"           "SPRUCE"         "TAMARACK"      

[1] "Summary of posterior parameter vals:"
                mean         2.5%          50%       97.5%    n_eff      Rhat
phi[1]   54.05577500  47.34600250  54.13075000  62.2321100 375.4881 1.0021554
phi[2]   30.16264820  21.18179250  30.19965000  40.1095150 256.3314 1.0011313
phi[3]  159.19444000 144.21830000 159.13400000 174.0347750 187.7451 1.0056704
phi[4]   46.08366300  41.08038750  45.98440000  51.5469475 254.6919 0.9984865
phi[5]   39.66019960  34.56902500  39.74130000  45.1615700 279.4942 1.0063926
phi[6]   16.85627120  14.53445250  16.90165000  19.2919800 500.0000 0.9987042
phi[7]   57.31085420  51.22238250  57.11720000  63.3287725 181.2182 1.0088980
phi[8]   16.13805260  13.78615750  16.08320000  18.8768750 345.8746 0.9986608
phi[9]   71.74143560  64.94959250  71.62820000  79.4646600 164.8437 1.0035207
phi[10] 217.34747200 197.56402500 216.98850000 238.6085250 177.5255 1.0061504
phi[11]  66.86578800  59.03721500  66.67295000  74.7518000 200.3688 1.0087635
phi[12]   8.37611490   7.02877475   8.34157000  10.1613050 444.7865 1.0056151
gamma     0.07659552   0.04381354   0.07687550   0.1070611 225.2301 1.0022571
a         0.01507038   0.01019876   0.01484805   0.0216971 196.7202 1.0056609
b         2.02401358   2.00049275   2.01542500   2.0935238 252.2876 0.9988725

[1] "WAIC:"
$waic
[1] 12418.53

$p_waic
[1] 24.6301

$lppd
[1] -6184.632

$p_waic_1
[1] 24.36625

[1] "AIC:"
[1] 12399.26

[1] "Log likelihood"
$log_lik
      log_lik
1   -14.47434
2   -25.51297
3   -37.45613
4   -23.95322
5   -25.20966
6   -22.59035
7   -31.76377
8   -19.37595
9   -20.87318
10  -30.10878
11  -22.56223
12  -30.29938
13  -27.46507
14  -25.54671
15  -28.71026
16  -27.89510
17  -27.79235
18  -27.71954
19  -40.04183
20  -27.47030
21  -29.04944
22  -26.66287
23  -36.10195
24  -27.76969
25  -21.13229
26  -29.15882
27  -25.25468
28  -25.70794
29  -39.26266
30  -24.30714
31  -39.22202
32  -33.74187
33  -29.69242
34  -30.37708
35  -25.45725
36  -23.42794
37  -21.23192
38  -30.24415
39  -27.50808
40  -23.83447
41  -20.54976
42  -47.45601
43  -24.56687
44  -35.60033
45  -29.19258
46  -44.82471
47  -27.53123
48  -19.63190
49  -37.62506
50  -27.84643
51  -24.99881
52  -21.21532
53  -35.44411
54  -39.29585
55  -29.62958
56  -27.95714
57  -22.53581
58  -34.93924
59  -22.24161
60  -30.30514
61  -33.35047
62  -33.67029
63  -25.87403
64  -22.38458
65  -32.34786
66  -36.12328
67  -29.26426
68  -23.83297
69  -41.97489
70  -28.11288
71  -30.20224
72  -26.84357
73  -22.31235
74  -30.22906
75  -24.46128
76  -23.80252
77  -32.60760
78  -31.45100
79  -42.46121
80  -34.67963
81  -46.65602
82  -22.31599
83  -29.37408
84  -31.37618
85  -29.04702
86  -37.93768
87  -37.06293
88  -30.64331
89  -28.51776
90  -24.46736
91  -22.08266
92  -28.82704
93  -25.83653
94  -26.59879
95  -26.48042
96  -37.03919
97  -23.37408
98  -21.95667
99  -45.05474
100 -30.37615
101 -27.50427
102 -22.93230
103 -28.04038
104 -27.02525
105 -24.51868
106 -25.92320
107 -32.81601
108 -27.46268
109 -35.47389
110 -27.28535
111 -27.78980
112 -29.79017
113 -32.46225
114 -24.54094
115 -28.93948
116 -30.27950
117 -40.09625
118 -28.11107
119 -47.92479
120 -29.12407
121 -33.62292
122 -35.16084
123 -22.92334
124 -36.56403
125 -24.69660
126 -41.27419
127 -25.39456
128 -29.66688
129 -40.81757
130 -27.47131
131 -27.17639
132 -31.23153
133 -62.39916
134 -38.00472
135 -24.26194
136 -25.63482
137 -26.63048
138 -29.58044
139 -26.74726
140 -29.50758
141 -25.44302
142 -30.15268
143 -35.94140
144 -19.12854
145 -23.66807
146 -33.68275
147 -35.03094
148 -37.35432
149 -33.21374
150 -39.50283
151 -31.63948
152 -20.61049
153 -38.11755
154 -31.21433
155 -34.56721
156 -28.35901
157 -32.47678
158 -22.40336
159 -27.59645
160 -23.53439
161 -23.00903
162 -28.90387
163 -27.57335
164 -29.57111
165 -26.49772
166 -25.97168
167 -28.72490
168 -26.39089
169 -33.59420
170 -26.41027
171 -38.81405
172 -23.32442
173 -31.57126
174 -22.67172
175 -30.14225
176 -34.81697
177 -28.43939
178 -27.04570
179 -27.41755
180 -25.69556
181 -27.28956
182 -26.93631
183 -27.13477
184 -23.82972
185 -33.60991
186 -32.29014
187 -31.04547
188 -33.17051
189 -29.81019
190 -33.35346
191 -33.30458
192 -25.95206
193 -31.99783
194 -37.36059
195 -39.02772
196 -38.39663
197 -35.25986
198 -38.28104
199 -34.60433
200 -43.50137
201 -31.83118
202 -34.66301
203 -29.89884
204 -33.88850
205 -36.23867
206 -34.56234

$log_lik_iter
    log_lik_iter
1      -6194.274
2      -6195.002
3      -6196.428
4      -6203.317
5      -6198.342
6      -6198.061
7      -6194.398
8      -6196.324
9      -6195.970
10     -6200.323
11     -6200.931
12     -6196.681
13     -6194.122
14     -6198.231
15     -6195.306
16     -6192.782
17     -6194.406
18     -6195.702
19     -6199.343
20     -6193.761
21     -6193.600
22     -6197.486
23     -6196.078
24     -6191.516
25     -6197.934
26     -6193.241
27     -6201.076
28     -6197.909
29     -6195.180
30     -6198.932
31     -6195.495
32     -6200.991
33     -6199.132
34     -6196.604
35     -6196.015
36     -6192.661
37     -6197.891
38     -6199.617
39     -6194.071
40     -6193.159
41     -6203.289
42     -6196.695
43     -6204.544
44     -6200.340
45     -6192.896
46     -6201.496
47     -6200.544
48     -6196.032
49     -6194.228
50     -6199.631
51     -6196.463
52     -6199.392
53     -6197.591
54     -6196.681
55     -6195.030
56     -6196.301
57     -6195.071
58     -6196.140
59     -6194.959
60     -6197.819
61     -6194.459
62     -6192.013
63     -6192.812
64     -6194.966
65     -6197.110
66     -6195.227
67     -6203.336
68     -6192.894
69     -6191.776
70     -6200.948
71     -6196.689
72     -6197.020
73     -6190.215
74     -6195.006
75     -6195.938
76     -6192.742
77     -6198.296
78     -6193.408
79     -6205.071
80     -6197.016
81     -6195.432
82     -6198.979
83     -6198.124
84     -6193.184
85     -6198.926
86     -6194.730
87     -6197.802
88     -6196.182
89     -6196.216
90     -6196.257
91     -6201.102
92     -6192.131
93     -6200.014
94     -6195.413
95     -6195.178
96     -6195.719
97     -6199.630
98     -6198.290
99     -6195.761
100    -6204.589
101    -6194.535
102    -6197.615
103    -6197.684
104    -6197.211
105    -6198.873
106    -6198.249
107    -6197.287
108    -6197.934
109    -6195.616
110    -6197.242
111    -6195.224
112    -6201.554
113    -6196.368
114    -6196.556
115    -6196.623
116    -6200.931
117    -6197.807
118    -6196.794
119    -6199.682
120    -6197.345
121    -6195.197
122    -6194.319
123    -6193.268
124    -6197.184
125    -6194.136
126    -6202.208
127    -6198.767
128    -6196.153
129    -6199.602
130    -6203.954
131    -6194.250
132    -6197.558
133    -6196.884
134    -6193.448
135    -6202.490
136    -6198.140
137    -6198.534
138    -6195.407
139    -6194.818
140    -6195.631
141    -6195.405
142    -6196.109
143    -6198.444
144    -6200.413
145    -6195.871
146    -6194.017
147    -6194.671
148    -6197.158
149    -6193.495
150    -6194.422
151    -6193.962
152    -6196.912
153    -6195.447
154    -6194.141
155    -6197.081
156    -6195.426
157    -6205.641
158    -6202.472
159    -6194.084
160    -6200.798
161    -6195.670
162    -6196.353
163    -6195.845
164    -6192.209
165    -6197.703
166    -6195.691
167    -6202.418
168    -6197.676
169    -6199.979
170    -6198.318
171    -6198.519
172    -6202.264
173    -6193.136
174    -6193.542
175    -6195.985
176    -6193.887
177    -6195.994
178    -6195.833
179    -6199.372
180    -6197.054
181    -6196.621
182    -6196.932
183    -6197.710
184    -6198.071
185    -6203.455
186    -6194.243
187    -6201.722
188    -6193.374
189    -6200.281
190    -6194.197
191    -6197.865
192    -6198.383
193    -6196.320
194    -6194.814
195    -6198.542
196    -6197.595
197    -6202.983
198    -6195.420
199    -6196.163
200    -6195.375
201    -6192.406
202    -6196.651
203    -6194.503
204    -6196.382
205    -6193.158
206    -6194.499
207    -6194.677
208    -6195.224
209    -6193.983
210    -6195.187
211    -6198.369
212    -6196.421
213    -6195.761
214    -6199.125
215    -6197.840
216    -6200.874
217    -6200.591
218    -6193.199
219    -6194.587
220    -6202.096
221    -6197.878
222    -6198.694
223    -6193.755
224    -6200.583
225    -6196.476
226    -6192.701
227    -6194.525
228    -6198.568
229    -6196.571
230    -6197.031
231    -6194.014
232    -6197.785
233    -6197.433
234    -6199.328
235    -6196.373
236    -6196.478
237    -6194.781
238    -6197.303
239    -6197.686
240    -6198.884
241    -6196.533
242    -6194.373
243    -6196.761
244    -6200.838
245    -6192.729
246    -6194.977
247    -6194.362
248    -6194.835
249    -6196.958
250    -6197.643
251    -6193.097
252    -6200.501
253    -6196.814
254    -6200.559
255    -6195.754
256    -6192.901
257    -6204.190
258    -6196.603
259    -6194.577
260    -6199.036
261    -6195.926
262    -6194.491
263    -6198.370
264    -6202.628
265    -6200.712
266    -6193.418
267    -6196.245
268    -6200.259
269    -6201.488
270    -6199.323
271    -6203.833
272    -6193.215
273    -6194.061
274    -6197.621
275    -6193.729
276    -6191.745
277    -6197.019
278    -6196.980
279    -6192.531
280    -6195.915
281    -6193.365
282    -6203.601
283    -6196.465
284    -6200.261
285    -6192.116
286    -6195.584
287    -6197.173
288    -6196.655
289    -6194.710
290    -6194.043
291    -6194.296
292    -6192.894
293    -6204.745
294    -6192.595
295    -6196.951
296    -6194.895
297    -6195.612
298    -6196.651
299    -6197.334
300    -6197.179
301    -6200.284
302    -6195.448
303    -6195.435
304    -6194.975
305    -6197.366
306    -6196.134
307    -6203.117
308    -6194.603
309    -6195.114
310    -6198.927
311    -6197.025
312    -6196.404
313    -6199.719
314    -6196.115
315    -6193.911
316    -6193.119
317    -6198.937
318    -6196.350
319    -6192.573
320    -6202.187
321    -6191.757
322    -6197.149
323    -6194.323
324    -6195.478
325    -6196.545
326    -6196.559
327    -6200.958
328    -6199.986
329    -6199.368
330    -6197.448
331    -6193.997
332    -6204.650
333    -6193.262
334    -6196.722
335    -6199.129
336    -6195.943
337    -6196.708
338    -6198.369
339    -6201.876
340    -6201.593
341    -6201.002
342    -6197.783
343    -6192.360
344    -6195.723
345    -6194.344
346    -6199.200
347    -6196.432
348    -6194.884
349    -6200.889
350    -6195.989
351    -6196.083
352    -6200.997
353    -6192.453
354    -6197.558
355    -6194.252
356    -6194.907
357    -6196.707
358    -6200.026
359    -6195.790
360    -6198.439
361    -6200.628
362    -6192.986
363    -6200.931
364    -6194.076
365    -6201.526
366    -6196.654
367    -6204.085
368    -6196.928
369    -6191.999
370    -6198.341
371    -6199.036
372    -6194.421
373    -6195.757
374    -6199.510
375    -6197.011
376    -6196.109
377    -6197.074
378    -6199.512
379    -6198.350
380    -6195.271
381    -6193.483
382    -6201.261
383    -6192.889
384    -6196.760
385    -6199.465
386    -6198.404
387    -6197.047
388    -6195.903
389    -6197.022
390    -6195.180
391    -6196.935
392    -6199.842
393    -6192.486
394    -6193.302
395    -6201.322
396    -6198.945
397    -6198.025
398    -6194.218
399    -6194.145
400    -6195.473
401    -6193.996
402    -6195.905
403    -6197.043
404    -6196.303
405    -6193.263
406    -6197.357
407    -6195.414
408    -6198.936
409    -6195.071
410    -6195.119
411    -6195.593
412    -6193.964
413    -6196.281
414    -6198.416
415    -6192.004
416    -6196.191
417    -6199.944
418    -6194.241
419    -6194.500
420    -6192.924
421    -6198.762
422    -6195.859
423    -6196.663
424    -6200.587
425    -6195.898
426    -6197.782
427    -6196.938
428    -6204.240
429    -6203.232
430    -6192.846
431    -6200.241
432    -6192.990
433    -6195.074
434    -6194.546
435    -6194.401
436    -6194.950
437    -6197.535
438    -6192.497
439    -6192.230
440    -6200.042
441    -6194.632
442    -6195.459
443    -6195.012
444    -6197.241
445    -6196.456
446    -6196.747
447    -6195.719
448    -6194.790
449    -6195.759
450    -6197.980
451    -6195.781
452    -6200.728
453    -6194.547
454    -6196.317
455    -6192.901
456    -6197.180
457    -6194.625
458    -6193.172
459    -6195.314
460    -6201.897
461    -6199.881
462    -6196.083
463    -6193.559
464    -6196.704
465    -6196.212
466    -6197.079
467    -6193.463
468    -6195.116
469    -6195.206
470    -6201.659
471    -6194.420
472    -6202.392
473    -6192.528
474    -6197.473
475    -6195.675
476    -6198.456
477    -6198.205
478    -6202.386
479    -6193.810
480    -6198.285
481    -6192.804
482    -6197.583
483    -6200.428
484    -6195.676
485    -6199.632
486    -6192.603
487    -6192.483
488    -6197.131
489    -6192.470
490    -6195.720
491    -6205.505
492    -6193.766
493    -6193.118
494    -6196.651
495    -6197.934
496    -6198.262
497    -6197.564
498    -6195.340
499    -6199.387
500    -6197.760

$sum_log_lik
[1] -6184.632

