[1] "The taxa modelled are:"
 [1] "ASH"            "BEECH"          "BIRCH"          "ELM"            "HEMLOCK"        "MAPLE"         
 [7] "OAK"            "OTHER.CONIFER"  "OTHER.HARDWOOD" "PINE"           "SPRUCE"         "TAMARACK"      

[1] "Summary of posterior parameter vals:"
               mean        2.5%         50%       97.5%    n_eff      Rhat
phi[1]   48.4651783  42.1204525  48.3695500  55.2547425 5373.315 0.9999414
phi[2]   23.1221290  16.5113425  22.9254000  30.7762625 4748.961 1.0000445
phi[3]  132.8317751 120.6429000 132.6940000 145.8701500 2838.144 1.0001513
phi[4]   40.7550798  35.8524525  40.7125000  46.0026750 4841.265 1.0000263
phi[5]   34.7272420  29.8706125  34.6833500  40.0300250 3764.400 1.0002004
phi[6]   15.4118716  13.3545975  15.3846500  17.5921250 5330.346 1.0000877
phi[7]   48.0365159  43.5214975  47.9649000  52.8528225 2718.598 1.0006293
phi[8]   14.7133489  12.3864750  14.6954500  17.2179025 5651.824 1.0002322
phi[9]   60.2015584  54.4038250  60.0935000  66.3373050 3028.867 1.0002583
phi[10] 173.4973283 158.5262250 173.1945000 190.0433250 2508.563 1.0005152
phi[11]  56.8525159  49.8527950  56.7228500  64.1748350 5361.496 0.9999076
phi[12]   7.3559744   6.0736195   7.3353750   8.7584642 7243.642 1.0003703
psi       0.2072984   0.1964749   0.2071700   0.2190202 8622.664 1.0003694
gamma     0.2105990   0.1927054   0.2106045   0.2290391 6834.050 1.0008501
