[1] "12taxa_mid_comp_pl_vary_kernel_gamma_EPs_v0.3"

[1] "The taxa modelled are:"
 [1] "ASH"            "BEECH"          "BIRCH"          "ELM"            "HEMLOCK"        "MAPLE"         
 [7] "OAK"            "OTHER.CONIFER"  "OTHER.HARDWOOD" "PINE"           "SPRUCE"         "TAMARACK"      

[1] "Summary of posterior parameter vals:"
                    mean          2.5%          50%        97.5%     n_eff      Rhat
phi[1]       58.31178314  4.564203e+01  55.66240000  90.64585500  45.38112 1.0023105
phi[2]       52.62665371  2.383881e+01  41.90335000 112.38517500  52.60424 0.9985815
phi[3]      166.22578571  1.421484e+02 159.79800000 221.12232500  26.66501 0.9999209
phi[4]       56.03630286  4.001432e+01  48.61885000 100.29625000  19.60560 1.0311392
phi[5]      237.96368000  1.629175e+02 239.80300000 294.19365000 232.12085 0.9971932
phi[6]       45.02669571  1.586284e+01  41.78830000  98.65762250 163.39374 1.0392780
phi[7]       67.77150886  5.095247e+01  60.78905000 102.73450000  39.08650 0.9974066
phi[8]       18.41569029  1.324668e+01  16.63475000  35.52625500 142.05997 1.0011424
phi[9]       73.16624771  6.352944e+01  72.01885000  88.69812750  83.81728 1.0329124
phi[10]     263.04225143  1.995987e+02 276.55750000 298.57570000  18.36592 1.0195258
phi[11]      82.19688343  5.819303e+01  73.86275000 140.00327500  39.47144 0.9988365
phi[12]       8.45076131  6.999671e+00   8.39918000  10.37591500 350.00000 0.9973065
gamma[1]      0.09704103  4.374283e-07   0.04449405   0.46316877  38.19212 0.9988365
gamma[2]      0.36625279  1.239343e-07   0.36488600   0.84370808  40.84907 1.0010506
gamma[3]      0.07672665  1.844340e-06   0.03360585   0.30194793  29.95094 0.9972238
gamma[4]      0.17292464  5.449472e-07   0.09369125   0.59378925  20.01972 1.0192944
gamma[5]      0.87227849  8.082153e-01   0.87727150   0.90995352 350.00000 0.9980507
gamma[6]      0.57174255  7.070463e-05   0.65498150   0.86957782  66.52805 1.0399776
gamma[7]      0.16597806  3.410117e-07   0.08166725   0.50671882  35.12868 0.9975687
gamma[8]      0.12931185  3.333894e-06   0.04664000   0.57113063  58.55844 1.0006485
gamma[9]      0.05632242  2.945257e-05   0.02487850   0.24534917  80.14533 1.0265529
gamma[10]     0.20359580  1.973820e-09   0.24619400   0.36616462  19.45884 1.0102953
gamma[11]     0.19141784  2.565560e-07   0.13703850   0.57537445  38.38000 1.0002105
gamma[12]     0.06157727  3.953454e-02   0.06092375   0.08600146 173.57336 1.0027580
mu_gamma     -2.68031564 -8.738122e+00  -2.00085500  -0.12401560  16.25171 1.0186748
sigma_gamma   3.28289560  1.316442e+00   2.61284500   9.23968150  18.32022 1.0173729
a             0.01551404  1.114256e-02   0.01519055   0.02193882  85.93625 1.0013933
b             2.02084446  2.000493e+00   2.01385000   2.08575475 144.29646 1.0071287

[1] "WAIC:"
$waic
[1] 12390.73

$p_waic
[1] 27.29883

$lppd
[1] -6168.066

$p_waic_1
[1] 26.91327

