[1] "The taxa modelled are:"
 [1] "ASH"            "BEECH"          "BIRCH"          "ELM"            "HEMLOCK"        "MAPLE"         
 [7] "OAK"            "OTHER.CONIFER"  "OTHER.HARDWOOD" "PINE"           "SPRUCE"         "TAMARACK"      

[1] "Summary of posterior parameter vals:"
               mean        2.5%         50%       97.5%    n_eff      Rhat
phi[1]   48.4252568  41.3903000  48.4642500  54.7605875 218.3444 1.0011899
phi[2]   23.1255834  16.9360525  22.9777500  30.5241200 357.2075 0.9982752
phi[3]  132.7247680 119.2957000 132.6040000 145.0680000 144.0268 1.0000207
phi[4]   40.6850194  35.9000100  40.5591000  46.1022825 218.0009 0.9997737
phi[5]   34.6909444  30.1226175  34.7747000  39.7520750 234.5582 0.9985093
phi[6]   15.3621068  13.4041075  15.2789500  17.7662375 311.2863 0.9979983
phi[7]   48.0526516  43.3010650  48.1020500  52.8343200 138.6681 0.9981020
phi[8]   14.7587950  12.4162375  14.7332500  17.3228075 367.9271 1.0027013
phi[9]   60.1607806  54.1852200  60.0544000  66.3156400 155.5196 0.9991930
phi[10] 173.5563360 158.0753750 173.0145000 190.4540000 139.6800 0.9986755
phi[11]  56.6513628  49.5128750  56.4627000  64.2440975 206.0808 0.9986343
phi[12]   7.3474089   6.0686200   7.2790550   8.7524147 402.6171 1.0019191
psi       0.2070750   0.1959879   0.2067795   0.2192672 500.0000 0.9980035
gamma     0.2096981   0.1922437   0.2098765   0.2278567 360.8815 0.9984961

[1] "WAIC:"
$waic
[1] 12685.94

$p_waic
[1] 24.04233

$lppd
[1] -6318.929

$p_waic_1
[1] 23.77088

