
[1] "The taxa modelled are:"
 [1] "ASH"            "BEECH"          "BIRCH"          "ELM"            "HEMLOCK"        "MAPLE"         
 [7] "OAK"            "OTHER.CONIFER"  "OTHER.HARDWOOD" "PINE"           "SPRUCE"         "TAMARACK"      

[1] "Summary of posterior parameter vals:"
                    mean          2.5%           50%         97.5%      n_eff      Rhat
phi[1]       64.35790795  5.539775e+01  64.201500000  74.666767500  86.918053 0.9981004
phi[2]       35.29152318  2.027645e+01  31.664950000  77.679452500  54.010209 0.9984131
phi[3]      176.50178409  1.607688e+02 175.812500000 194.227575000 125.003858 1.0022447
phi[4]       56.46480068  4.992880e+01  56.262000000  64.677725000  70.182397 1.0202524
phi[5]       70.46831341  4.373657e+01  53.983800000 243.025825000  24.490358 1.0019760
phi[6]       20.11546250  1.647295e+01  19.845200000  24.569717500 188.922366 0.9979169
phi[7]       58.25037318  5.225610e+01  58.181450000  64.363770000  61.618656 1.0172924
phi[8]       17.17032659  1.476947e+01  17.105600000  20.387337500 177.694994 0.9978416
phi[9]       94.99903705  8.562671e+01  94.651850000 106.209375000  97.110120 1.0022828
phi[10]     265.95754318  2.262125e+02 266.301000000 299.237000000  13.859213 1.0225256
phi[11]      72.93437000  6.548271e+01  72.697700000  81.697617500 183.551420 1.0038949
phi[12]      50.35285023  7.638147e+00  16.975650000 186.501225000  11.318724 1.0071701
gamma[1]      0.04091135  5.787612e-05   0.031951200   0.108972250  40.860588 0.9980883
gamma[2]      0.11993407  2.858397e-03   0.111499000   0.309391100  39.924745 1.0111607
gamma[3]      0.04211647  2.508199e-08   0.038601150   0.117432150  19.500865 1.0872667
gamma[4]      0.15295116  4.814340e-02   0.155363500   0.229106925  27.217252 1.0999231
gamma[5]      0.22782191  2.507853e-02   0.229143500   0.446964975  17.977278 1.0583674
gamma[6]      0.18951738  9.784486e-02   0.188681000   0.284655625 184.399947 1.0084797
gamma[7]      0.03514196  5.354480e-06   0.027989500   0.104186675  17.008172 1.0596418
gamma[8]      0.03510615  1.171202e-05   0.024994800   0.117312000  27.442896 1.0101936
gamma[9]      0.03289900  7.643331e-08   0.032183100   0.077438610  37.988678 1.0129990
gamma[10]     0.01761097  1.957702e-05   0.014494800   0.058022702  23.095929 1.0455871
gamma[11]     0.12846067  8.220926e-04   0.134507500   0.247776650  56.795321 1.0387919
gamma[12]     0.16078973  1.005041e-02   0.114131000   0.488572700  18.442700 0.9993134
mu_gamma     -1.66307475 -1.993040e+00  -1.773940000  -0.524734175  37.368995 1.0509505
sigma_gamma   2.75567990  8.370279e-01   1.948485000   6.994981500   6.172804 1.2339374
log_a[1]     -1.90990236 -3.114518e+00  -1.871705000  -0.578886250  62.428468 1.0068167
log_a[2]     -4.66434348 -6.729526e+00  -4.713325000  -2.396522000  39.030776 1.0048440
log_a[3]     -4.15941198 -5.051763e+00  -4.138620000  -3.442560500  26.815782 1.0587555
log_a[4]     -1.26833657 -2.391575e+00  -1.290440000   0.009425529 111.668274 1.0005314
log_a[5]     -5.31981773 -7.121604e+00  -5.300270000  -3.534070000  16.734450 1.0607164
log_a[6]     -2.27167440 -3.973117e+00  -2.240730000  -0.623843525 194.440613 1.0018586
log_a[7]     -4.03011359 -4.668945e+00  -4.032910000  -3.434634250  44.920078 1.0024886
log_a[8]     -3.86593230 -5.110171e+00  -3.757045000  -3.020228750  87.134073 0.9977253
log_a[9]     -1.61343599 -2.308839e+00  -1.578150000  -1.027086750  98.566627 1.0002760
log_a[10]    -5.56035959 -5.990990e+00  -5.602880000  -4.872040250  14.280405 1.0368621
log_a[11]    -3.54920270 -4.724897e+00  -3.496760000  -2.545672750  61.872986 1.0123782
log_a[12]    -6.14464298 -8.172418e+00  -6.557060000  -2.827207000  15.105889 1.0008856
log_b[1]      0.72153520  6.941086e-01   0.714745500   0.776014000  34.741508 0.9987745
log_b[2]      0.72383138  6.944605e-01   0.716838000   0.779426675  27.590267 0.9995683
log_b[3]      0.72145304  6.943444e-01   0.715835500   0.769996975  29.938494 1.0035517
log_b[4]      0.72332062  6.940509e-01   0.719136500   0.772225000  31.686229 1.0003814
log_b[5]      0.72065754  6.943944e-01   0.716876000   0.773252000  36.254758 0.9982275
log_b[6]      0.72102449  6.941471e-01   0.715610000   0.768594725  42.449539 0.9977251
log_b[7]      0.72493351  6.941645e-01   0.718403000   0.804070825  28.003166 1.0015255
log_b[8]      0.72344493  6.943405e-01   0.715894500   0.784512650  35.170825 0.9977710
log_b[9]      0.72434482  6.941163e-01   0.719337000   0.780225025  33.907553 0.9978989
log_b[10]     0.71550837  6.937832e-01   0.713670500   0.752679600  29.238574 1.0018011
log_b[11]     0.72297781  6.943994e-01   0.719148500   0.786395000  32.145509 0.9977695
log_b[12]     0.72393745  6.937091e-01   0.719056000   0.775632025  28.344688 0.9977905
mu_a         -3.66617430 -4.771554e+00  -3.688185000  -2.618445000  81.687132 1.0006007
sigma_a       1.87438069  1.200311e+00   1.844805000   2.879742500  50.929353 1.0249500
mu_b          0.72221490  6.945846e-01   0.718244000   0.770070000  26.000937 0.9979258
sigma_b       0.01104524  4.244068e-04   0.008654195   0.033684577  53.608419 0.9979092

[1] "WAIC:"
$waic
[1] 12288.41

$p_waic
[1] 40.53843

$lppd
[1] -6103.668

$p_waic_1
[1] 40.20351

[1] "AIC:"
[1] 12315.34

[1] "Log likelihood"
$log_lik
      log_lik
1   -13.85362
2   -25.77089
3   -34.48014
4   -23.73894
5   -25.17843
6   -21.91366
7   -31.52791
8   -18.99174
9   -21.62237
10  -29.70967
11  -23.12188
12  -28.78148
13  -26.93007
14  -24.98315
15  -29.04583
16  -26.51714
17  -27.27334
18  -27.14826
19  -39.80978
20  -26.58605
21  -27.97630
22  -25.52583
23  -33.78612
24  -25.98190
25  -21.68953
26  -29.58310
27  -25.99193
28  -25.90942
29  -39.90164
30  -23.93448
31  -37.58020
32  -33.58702
33  -29.00799
34  -29.88132
35  -25.92654
36  -23.41698
37  -22.73756
38  -29.65845
39  -27.81716
40  -23.13546
41  -20.53413
42  -52.31510
43  -24.28919
44  -35.61232
45  -29.54638
46  -46.48349
47  -25.97394
48  -19.41121
49  -38.03186
50  -27.09058
51  -25.70951
52  -21.81559
53  -34.92940
54  -38.90034
55  -29.39290
56  -26.61186
57  -22.39553
58  -36.09281
59  -22.27606
60  -29.64624
61  -33.45398
62  -31.88986
63  -26.13468
64  -23.55586
65  -29.89715
66  -36.23525
67  -29.16484
68  -24.63163
69  -40.33270
70  -27.06988
71  -30.68324
72  -25.95526
73  -21.31590
74  -30.63513
75  -24.32015
76  -23.93593
77  -31.33294
78  -30.69874
79  -41.03754
80  -33.94982
81  -45.38732
82  -22.44488
83  -31.13405
84  -29.43935
85  -28.96224
86  -37.87626
87  -37.58212
88  -30.37659
89  -27.51672
90  -23.32901
91  -21.96545
92  -27.13921
93  -23.92186
94  -26.08579
95  -25.31659
96  -36.47306
97  -21.81953
98  -21.14752
99  -43.12060
100 -30.24294
101 -26.88062
102 -23.51723
103 -26.89745
104 -26.44547
105 -23.78194
106 -25.61716
107 -31.70203
108 -26.49131
109 -34.24570
110 -27.52037
111 -26.90379
112 -29.35771
113 -33.05666
114 -24.46221
115 -27.80110
116 -31.52793
117 -39.06936
118 -28.17586
119 -46.71848
120 -28.05525
121 -31.77446
122 -33.49099
123 -21.12004
124 -37.68405
125 -24.97684
126 -41.70299
127 -25.29937
128 -29.04685
129 -37.90162
130 -28.47011
131 -27.62893
132 -32.41788
133 -63.75906
134 -38.94765
135 -24.14266
136 -24.10846
137 -27.34938
138 -29.62567
139 -27.40606
140 -28.74932
141 -24.85300
142 -29.02076
143 -36.71417
144 -18.31121
145 -22.78263
146 -32.64243
147 -33.52901
148 -36.55709
149 -31.17141
150 -38.44391
151 -31.38067
152 -20.21716
153 -38.34112
154 -29.95390
155 -34.71506
156 -29.46791
157 -32.44385
158 -21.63319
159 -27.18231
160 -23.01676
161 -22.17556
162 -28.19211
163 -26.57803
164 -29.93883
165 -25.91342
166 -25.97998
167 -28.58261
168 -25.57425
169 -32.81583
170 -25.79943
171 -38.43150
172 -24.02712
173 -31.88261
174 -22.00194
175 -30.19769
176 -35.67559
177 -29.03058
178 -26.33342
179 -26.89508
180 -25.22954
181 -26.89584
182 -26.30587
183 -26.25049
184 -23.16792
185 -33.33057
186 -31.00963
187 -30.11599
188 -32.28497
189 -28.40263
190 -32.37646
191 -33.85102
192 -26.24499
193 -31.96805
194 -36.20629
195 -37.83946
196 -36.91813
197 -34.51974
198 -38.24495
199 -33.41182
200 -43.00080
201 -30.48707
202 -35.26769
203 -29.72536
204 -33.38150
205 -36.59391
206 -33.82050

$log_lik_iter
    log_lik_iter
1      -6122.542
2      -6122.753
3      -6126.829
4      -6129.032
5      -6124.946
6      -6117.086
7      -6123.617
8      -6127.939
9      -6122.431
10     -6121.790
11     -6119.833
12     -6117.914
13     -6119.354
14     -6122.161
15     -6127.627
16     -6128.869
17     -6123.650
18     -6125.218
19     -6125.621
20     -6124.814
21     -6121.715
22     -6120.677
23     -6125.956
24     -6120.790
25     -6123.174
26     -6127.137
27     -6123.678
28     -6125.056
29     -6125.662
30     -6120.677
31     -6123.691
32     -6123.611
33     -6115.475
34     -6116.583
35     -6116.775
36     -6124.632
37     -6120.118
38     -6121.085
39     -6124.559
40     -6124.385
41     -6127.642
42     -6124.701
43     -6119.648
44     -6119.222
45     -6125.971
46     -6126.052
47     -6121.373
48     -6121.304
49     -6126.520
50     -6126.052
51     -6127.234
52     -6127.390
53     -6122.594
54     -6129.325
55     -6116.071
56     -6125.322
57     -6126.178
58     -6128.003
59     -6128.075
60     -6123.293
61     -6121.921
62     -6120.217
63     -6125.695
64     -6124.826
65     -6122.326
66     -6124.311
67     -6114.812
68     -6123.927
69     -6125.849
70     -6120.311
71     -6128.869
72     -6120.040
73     -6118.877
74     -6123.395
75     -6124.772
76     -6125.604
77     -6121.780
78     -6129.551
79     -6126.353
80     -6122.536
81     -6126.301
82     -6120.569
83     -6131.399
84     -6125.956
85     -6123.796
86     -6117.999
87     -6120.980
88     -6128.112
89     -6130.012
90     -6130.404
91     -6122.335
92     -6118.782
93     -6123.156
94     -6119.945
95     -6123.413
96     -6121.372
97     -6122.276
98     -6129.897
99     -6132.711
100    -6115.510
101    -6125.530
102    -6122.695
103    -6119.400
104    -6124.120
105    -6125.640
106    -6128.789
107    -6118.816
108    -6124.023
109    -6122.860
110    -6121.315
111    -6122.818
112    -6135.801
113    -6123.060
114    -6125.193
115    -6120.271
116    -6122.197
117    -6122.306
118    -6126.052
119    -6124.120
120    -6121.742
121    -6121.068
122    -6123.608
123    -6123.363
124    -6124.907
125    -6130.639
126    -6134.837
127    -6119.103
128    -6126.710
129    -6128.095
130    -6127.518
131    -6130.802
132    -6126.253
133    -6124.120
134    -6123.374
135    -6122.666
136    -6126.911
137    -6124.093
138    -6121.831
139    -6128.908
140    -6118.887
141    -6128.466
142    -6127.069
143    -6121.376
144    -6124.126
145    -6123.967
146    -6120.904
147    -6135.898
148    -6125.377
149    -6123.941
150    -6120.121
151    -6125.377
152    -6119.182
153    -6128.789
154    -6119.238
155    -6123.610
156    -6115.935
157    -6128.283
158    -6122.368
159    -6125.206
160    -6118.066
161    -6128.789
162    -6121.787
163    -6119.103
164    -6121.367
165    -6117.435
166    -6124.157
167    -6122.394
168    -6118.467
169    -6117.045
170    -6123.250
171    -6125.066
172    -6121.187
173    -6125.176
174    -6123.850
175    -6121.231
176    -6121.686
177    -6119.757
178    -6122.783
179    -6133.458
180    -6118.263
181    -6125.161
182    -6125.262
183    -6129.609
184    -6117.380
185    -6116.071
186    -6124.113
187    -6125.287
188    -6124.108
189    -6130.220
190    -6116.893
191    -6123.809
192    -6123.962
193    -6122.875
194    -6123.706
195    -6127.958
196    -6124.707
197    -6127.395
198    -6124.705
199    -6115.534
200    -6127.038
201    -6121.562
202    -6120.799
203    -6119.631
204    -6118.893
205    -6123.637
206    -6121.974
207    -6120.233
208    -6123.199
209    -6118.887
210    -6120.293
211    -6131.443
212    -6123.246
213    -6124.440
214    -6126.660
215    -6129.524
216    -6124.706
217    -6126.183
218    -6120.677
219    -6117.568
220    -6116.978
221    -6125.942
222    -6121.889
223    -6118.133
224    -6122.024
225    -6117.819
226    -6119.018
227    -6126.668
228    -6126.911
229    -6121.508
230    -6117.532
231    -6116.850
232    -6126.903
233    -6126.052
234    -6120.612
235    -6124.664
236    -6127.755
237    -6122.245
238    -6123.864
239    -6127.093
240    -6115.069
241    -6122.875
242    -6123.546
243    -6131.192
244    -6118.490
245    -6122.875
246    -6119.135
247    -6121.705
248    -6121.397
249    -6119.507
250    -6124.967
251    -6118.934
252    -6122.225
253    -6122.773
254    -6118.729
255    -6123.739
256    -6132.100
257    -6126.653
258    -6123.209
259    -6128.789
260    -6121.685
261    -6122.775
262    -6121.522
263    -6125.861
264    -6120.355
265    -6127.751
266    -6128.404
267    -6123.846
268    -6116.094
269    -6124.610
270    -6124.614
271    -6125.642
272    -6120.061
273    -6127.367
274    -6124.829
275    -6129.716
276    -6126.052
277    -6123.901
278    -6126.965
279    -6121.906
280    -6129.994
281    -6130.844
282    -6120.510
283    -6131.260
284    -6126.738
285    -6126.219
286    -6124.967
287    -6121.572
288    -6122.838
289    -6123.093
290    -6128.789
291    -6128.789
292    -6127.406
293    -6122.623
294    -6121.379
295    -6122.204
296    -6120.611
297    -6124.143
298    -6121.702
299    -6131.612
300    -6124.430
301    -6122.151
302    -6128.789
303    -6120.220
304    -6123.928
305    -6114.969
306    -6126.207
307    -6130.381
308    -6131.627
309    -6119.463
310    -6127.711
311    -6133.726
312    -6125.487
313    -6119.614
314    -6126.052
315    -6116.718
316    -6124.659
317    -6121.090
318    -6117.116
319    -6132.280
320    -6123.811
321    -6125.328
322    -6131.616
323    -6125.807
324    -6119.280
325    -6131.245
326    -6126.804
327    -6122.778
328    -6118.302
329    -6119.241
330    -6123.517
331    -6127.047
332    -6119.839
333    -6131.051
334    -6123.600
335    -6117.262
336    -6125.166
337    -6120.735
338    -6121.363
339    -6125.516
340    -6123.055
341    -6122.598
342    -6126.052
343    -6123.174
344    -6122.875
345    -6127.137
346    -6122.545
347    -6125.873
348    -6118.204
349    -6127.228
350    -6125.538
351    -6127.347
352    -6129.354
353    -6134.803
354    -6125.767
355    -6129.812
356    -6118.023
357    -6122.516
358    -6124.907
359    -6116.188
360    -6130.200
361    -6124.750
362    -6121.849
363    -6117.116
364    -6124.181
365    -6126.786
366    -6128.216
367    -6119.998
368    -6127.918
369    -6120.762
370    -6117.103
371    -6127.525
372    -6117.779
373    -6122.813
374    -6125.687
375    -6124.120
376    -6128.283
377    -6121.921
378    -6122.108
379    -6120.202
380    -6124.605
381    -6128.869
382    -6119.900
383    -6117.947
384    -6126.542
385    -6123.641
386    -6127.400
387    -6119.877
388    -6130.192
389    -6121.097
390    -6124.255
391    -6127.461
392    -6119.352
393    -6120.772
394    -6121.306
395    -6129.564
396    -6118.824
397    -6121.584
398    -6120.172
399    -6122.749
400    -6128.770
401    -6132.056
402    -6120.038
403    -6116.603
404    -6124.015
405    -6119.374
406    -6126.536
407    -6122.912
408    -6126.561
409    -6122.191
410    -6122.251
411    -6122.245
412    -6120.007
413    -6129.234
414    -6135.650
415    -6124.370
416    -6122.639
417    -6127.041
418    -6116.869
419    -6126.206
420    -6127.101
421    -6120.677
422    -6127.498
423    -6123.881
424    -6131.192
425    -6124.301
426    -6116.124
427    -6128.789
428    -6125.626
429    -6117.914
430    -6124.157
431    -6125.994
432    -6120.320
433    -6123.329
434    -6122.882
435    -6117.083
436    -6127.101
437    -6127.253
438    -6116.920
439    -6123.776
440    -6127.400

$sum_log_lik
[1] -6103.668

