[1] "12taxa_mid_comp_vary_gamma_EPs_v0.3"

[1] "The taxa modelled are:"
 [1] "ASH"            "BEECH"          "BIRCH"          "ELM"            "HEMLOCK"        "MAPLE"         
 [7] "OAK"            "OTHER.CONIFER"  "OTHER.HARDWOOD" "PINE"           "SPRUCE"         "TAMARACK"      

[1] "Summary of posterior parameter vals:"
                    mean          2.5%          50%       97.5%     n_eff      Rhat
phi[1]       48.02440660  3.931049e+01  46.51150000  65.1443825 165.15788 0.9982323
phi[2]       29.97912540  1.803743e+01  28.77215000  50.7405850 167.33742 0.9980495
phi[3]      131.24462600  1.143375e+02 128.27150000 158.5063750 147.65308 0.9998694
phi[4]       42.91028920  3.365359e+01  40.63160000  62.7409250 133.22898 1.0027044
phi[5]      103.55646320  7.081779e+01 103.04800000 141.4573000 408.92116 1.0066433
phi[6]       20.90638260  1.313997e+01  20.06555000  33.7800650 266.85006 1.0006917
phi[7]       94.25221960  7.101167e+01  93.09480000 122.9392000 297.10391 1.0010028
phi[8]       14.76429782  1.138900e+01  14.01055000  23.6549775 164.86147 0.9993880
phi[9]       57.82754420  5.115214e+01  57.33580000  68.5826925 208.31532 0.9989769
phi[10]     282.75300800  2.464795e+02 286.43050000 299.2758250 265.11080 0.9982133
phi[11]      66.49046580  4.691414e+01  62.63860000 104.6608250 177.52516 0.9992438
phi[12]       7.50210204  6.320939e+00   7.51565500   8.8381030 500.00000 1.0007208
psi           0.21532217  2.030686e-01   0.21506850   0.2287997 500.00000 0.9980664
gamma[1]      0.10508184  2.657644e-05   0.06679420   0.3747193 139.38663 0.9980273
gamma[2]      0.30036071  9.424404e-07   0.30789500   0.6999542 141.32144 0.9980490
gamma[3]      0.09343067  1.251683e-05   0.06830955   0.2927650 117.17124 1.0058047
gamma[4]      0.15503646  2.387808e-05   0.12014750   0.4681454 102.80061 1.0027711
gamma[5]      0.77279776  6.472480e-01   0.77652900   0.8585946 384.30073 0.9995611
gamma[6]      0.35122868  6.389330e-04   0.36777000   0.6750873 215.20691 0.9997008
gamma[7]      0.62640681  4.840782e-01   0.63439200   0.7463275 294.52441 0.9993608
gamma[8]      0.12912337  1.252703e-05   0.07791500   0.4721160 124.19710 0.9988957
gamma[9]      0.05051165  3.065432e-05   0.03031115   0.2082910 133.93936 0.9981842
gamma[10]     0.53913764  4.575538e-01   0.54167050   0.6012591 338.71441 0.9995282
gamma[11]     0.24806394  2.400255e-04   0.24247600   0.5911351 161.38013 0.9988349
gamma[12]     0.14473800  1.235378e-01   0.14523750   0.1648964 249.43418 1.0002354
mu_gamma     -1.66856599 -5.188291e+00  -1.33427500  -0.1055640  49.22446 1.0081969
sigma_gamma   2.51242787  1.026196e+00   1.97812500   7.5515522  35.02182 1.0138747
log_lik[1]  -14.87052080 -1.514053e+01 -14.87175000 -14.5987325 500.00000 0.9990150
log_lik[2]  -25.35200000 -2.577025e+01 -25.33950000 -24.9802175 326.97445 1.0029966
log_lik[3]  -47.73667160 -4.891900e+01 -47.71395000 -46.3826475 345.57349 0.9980278
log_lik[4]  -23.71464500 -2.406387e+01 -23.70985000 -23.3433950 410.44290 0.9999383
log_lik[5]  -26.56566940 -2.701614e+01 -26.56400000 -26.0959975 488.23436 0.9988536
log_lik[6]  -22.47268680 -2.288150e+01 -22.47025000 -22.0692375 451.69158 0.9995614
log_lik[7]  -31.98866840 -3.238617e+01 -31.98775000 -31.5883675 434.89948 1.0005322
log_lik[8]  -19.44305060 -2.002360e+01 -19.42825000 -18.9809600 500.00000 0.9990859
log_lik[9]  -21.05304000 -2.146719e+01 -21.06085000 -20.6254800 500.00000 1.0009584
log_lik[10] -29.23299360 -2.971585e+01 -29.21720000 -28.7715400 326.71758 0.9981696
log_lik[11] -23.46187440 -2.400042e+01 -23.44690000 -22.9505200 500.00000 1.0002639
log_lik[12] -31.21553160 -3.207491e+01 -31.19860000 -30.4230150 500.00000 1.0100500

[1] "WAIC:"
$waic
[1] 12629.74

$p_waic
[1] 29.44831

$lppd
[1] -6285.42

$p_waic_1
[1] 28.96186

