[1] "cal_pl_Ka_EPs_v0.3"

[1] "The taxa modelled are:"
 [1] "ASH"            "BEECH"          "BIRCH"          "ELM"            "HEMLOCK"        "MAPLE"         
 [7] "OAK"            "OTHER.CONIFER"  "OTHER.HARDWOOD" "PINE"           "SPRUCE"         "TAMARACK"      

[1] "Summary of posterior parameter vals:"
                    mean          2.5%           50%         97.5%     n_eff      Rhat
phi[1]      6.345440e+01  5.557871e+01  6.288840e+01  77.398512500 66.807577 0.9871423
phi[2]      4.447982e+01  2.588119e+01  3.891240e+01  90.671262500 21.129853 0.9993883
phi[3]      1.740104e+02  1.620679e+02  1.713395e+02 193.601125000 70.527872 0.9913548
phi[4]      5.295394e+01  4.603231e+01  5.226790e+01  61.669312500 48.294390 0.9979957
phi[5]      1.846359e+02  8.637866e+01  1.788930e+02 284.422625000 50.304292 1.0296823
phi[6]      3.027069e+01  1.583801e+01  2.029280e+01  80.342300000  9.910685 1.1306809
phi[7]      5.726798e+01  5.188934e+01  5.684480e+01  62.326937500 35.538476 0.9904961
phi[8]      1.705450e+01  1.475294e+01  1.712990e+01  19.238875000 66.352705 0.9959384
phi[9]      9.341028e+01  8.421227e+01  9.268630e+01 103.882000000 57.811799 0.9878329
phi[10]     2.505934e+02  2.189647e+02  2.468230e+02 285.637000000 21.999831 1.1474623
phi[11]     7.208286e+01  6.612171e+01  7.210400e+01  80.730912500 76.000000 0.9883199
phi[12]     5.822646e+01  1.347326e+01  4.672530e+01 147.844875000 18.620373 1.0365050
gamma       4.397159e-02  1.239557e-02  4.565045e-02   0.085202425 22.592668 1.1029395
log_a[1]   -1.962652e+00 -3.154490e+00 -1.983880e+00  -0.782242875 76.000000 1.0001630
log_a[2]   -5.649648e+00 -6.948486e+00 -5.626365e+00  -4.143586250 30.516691 0.9870011
log_a[3]   -4.346583e+00 -5.014604e+00 -4.344330e+00  -3.775270000 27.060106 1.0649660
log_a[4]   -2.143691e+00 -2.885171e+00 -2.129820e+00  -1.193408750 44.748506 0.9994644
log_a[5]   -7.051653e+00 -7.407103e+00 -7.058135e+00  -6.557410000 53.175342 1.0187455
log_a[6]   -5.093628e+00 -7.200353e+00 -5.163800e+00  -1.433410000 18.835252 1.0057402
log_a[7]   -4.055866e+00 -4.483562e+00 -4.017365e+00  -3.678821250 76.000000 1.0112409
log_a[8]   -3.962524e+00 -4.646771e+00 -4.024800e+00  -2.968400000 76.000000 0.9945494
log_a[9]   -1.558655e+00 -2.060721e+00 -1.577260e+00  -1.105945000 47.394429 1.0090700
log_a[10]  -5.512619e+00 -6.013219e+00 -5.534075e+00  -4.975961250 34.275341 1.1203795
log_a[11]  -4.238131e+00 -4.720079e+00 -4.259455e+00  -3.593256250 76.000000 0.9990711
log_a[12]  -7.324329e+00 -8.090981e+00 -7.374340e+00  -6.055651250 40.874172 0.9888032
b           2.015865e+00  2.000128e+00  2.009565e+00   2.070237500 76.000000 0.9949557
mu_a       -4.568688e+00 -5.760905e+00 -4.502820e+00  -3.231442500 32.662245 0.9916661
sigma_a     2.111133e+00  1.536406e+00  2.076300e+00   3.024608750 76.000000 0.9903696
a[1]        1.706756e-01  4.266043e-02  1.375475e-01   0.458047750 76.000000 0.9877127
a[2]        4.685146e-03  9.601132e-04  3.601800e-03   0.015868162 46.273335 0.9969458
a[3]        1.364932e-02  6.640279e-03  1.298350e-02   0.022931300 76.000000 1.0531077
a[4]        1.319654e-01  5.587712e-02  1.189025e-01   0.303237500 37.843306 0.9965312
a[5]        8.967077e-04  6.069275e-04  8.603935e-04   0.001419844 53.904992 1.0156722
a[6]        3.208758e-02  7.463330e-04  5.719970e-03   0.241908750 57.705501 0.9884319
a[7]        1.783394e-02  1.129870e-02  1.800035e-02   0.025255200 55.006433 1.0196722
a[8]        2.117832e-02  9.593362e-03  1.786920e-02   0.051386300 76.000000 0.9965574
a[9]        2.174029e-01  1.273662e-01  2.065420e-01   0.330899875 46.416949 1.0099941
a[10]       4.190665e-03  2.446220e-03  3.949865e-03   0.006901967 58.809589 1.1083730
a[11]       1.524947e-02  8.915119e-03  1.413110e-02   0.027509075 76.000000 1.0097212
a[12]       8.448738e-04  3.064563e-04  6.271600e-04   0.002528209 39.372528 1.0128056
log_lik[1] -1.388735e+01 -1.425144e+01 -1.387475e+01 -13.493862500 56.685567 0.9898023

[1] "WAIC:"
$waic
[1] 12305.77

$p_waic
[1] 36.33293

$lppd
[1] -6116.552

$p_waic_1
[1] 34.47942

[1] "AIC:"
[1] 12315.1

[1] "Log likelihood"
$log_lik
      log_lik
1   -13.86904
2   -25.95463
3   -34.89354
4   -23.96190
5   -25.11516
6   -21.97317
7   -31.32099
8   -18.80804
9   -21.75451
10  -29.79191
11  -23.15042
12  -28.95327
13  -27.10109
14  -25.10949
15  -29.85456
16  -26.76316
17  -27.58939
18  -26.92399
19  -40.03697
20  -26.73255
21  -27.90454
22  -25.74657
23  -34.23856
24  -26.37076
25  -21.56510
26  -29.61148
27  -25.50983
28  -25.96904
29  -39.49583
30  -23.98511
31  -38.23868
32  -33.73857
33  -29.22869
34  -29.91089
35  -26.05590
36  -23.04190
37  -22.41958
38  -29.67932
39  -28.58389
40  -22.64535
41  -20.65903
42  -52.38150
43  -24.34315
44  -35.82563
45  -29.49037
46  -47.09720
47  -26.22139
48  -19.32822
49  -38.12784
50  -27.65616
51  -25.25663
52  -21.84766
53  -34.81034
54  -38.37537
55  -29.10543
56  -26.70876
57  -22.44720
58  -35.83219
59  -22.22538
60  -30.11187
61  -33.44746
62  -32.25223
63  -26.25896
64  -23.19967
65  -30.06274
66  -36.69064
67  -29.81268
68  -24.73788
69  -40.11018
70  -27.52323
71  -30.64010
72  -25.80334
73  -21.75551
74  -30.79245
75  -24.70119
76  -23.97004
77  -31.85402
78  -30.09990
79  -41.14956
80  -34.27750
81  -45.53897
82  -22.42302
83  -30.81308
84  -29.86836
85  -29.10601
86  -37.90248
87  -37.68036
88  -30.76491
89  -27.49393
90  -23.49848
91  -22.40457
92  -27.68088
93  -23.62967
94  -25.99774
95  -25.47965
96  -36.72905
97  -22.11843
98  -21.41297
99  -43.22286
100 -30.24194
101 -26.96446
102 -23.61813
103 -27.07175
104 -26.53039
105 -23.83879
106 -25.22577
107 -31.70703
108 -25.98679
109 -34.26988
110 -27.70495
111 -26.91372
112 -29.57420
113 -32.59193
114 -24.26249
115 -27.57587
116 -31.69892
117 -39.44381
118 -28.91823
119 -46.82409
120 -28.13183
121 -32.13163
122 -33.74383
123 -20.84476
124 -37.21543
125 -25.08095
126 -41.83646
127 -25.22356
128 -29.31753
129 -38.29156
130 -28.37013
131 -27.64443
132 -32.44407
133 -63.98725
134 -38.48101
135 -23.81596
136 -24.15004
137 -27.45368
138 -29.34035
139 -27.15794
140 -29.25503
141 -24.77635
142 -28.81947
143 -36.78365
144 -18.71811
145 -23.05617
146 -32.61092
147 -33.67927
148 -36.52908
149 -31.46913
150 -38.02904
151 -31.31356
152 -20.07115
153 -38.54888
154 -29.94096
155 -34.73930
156 -29.18241
157 -32.35422
158 -21.65695
159 -26.97381
160 -22.93762
161 -22.50004
162 -28.33794
163 -26.55432
164 -29.72695
165 -25.77775
166 -25.89686
167 -28.66352
168 -25.60772
169 -32.90979
170 -25.73205
171 -38.88814
172 -23.94808
173 -31.97115
174 -22.09369
175 -30.13613
176 -35.83154
177 -28.93671
178 -26.23713
179 -26.77266
180 -25.10416
181 -26.91230
182 -26.25358
183 -26.47346
184 -23.14829
185 -33.23385
186 -31.03812
187 -30.17307
188 -32.29494
189 -28.49182
190 -32.49607
191 -33.65024
192 -26.22028
193 -31.98944
194 -36.29422
195 -38.06742
196 -37.24110
197 -34.62394
198 -38.17950
199 -33.79508
200 -43.01634
201 -30.60340
202 -35.35693
203 -29.71590
204 -33.67731
205 -36.92979
206 -33.62518

$log_lik_iter
   log_lik_iter
1     -6136.146
2     -6135.648
3     -6147.676
4     -6138.530
5     -6131.564
6     -6134.596
7     -6130.448
8     -6139.335
9     -6134.635
10    -6135.823
11    -6132.935
12    -6134.903
13    -6135.446
14    -6127.866
15    -6134.405
16    -6129.565
17    -6134.148
18    -6128.751
19    -6136.514
20    -6129.056
21    -6133.345
22    -6135.068
23    -6131.337
24    -6129.055
25    -6137.682
26    -6138.282
27    -6132.393
28    -6128.257
29    -6135.976
30    -6128.703
31    -6131.847
32    -6128.407
33    -6141.088
34    -6130.281
35    -6132.274
36    -6131.290
37    -6126.292
38    -6137.846
39    -6128.491
40    -6132.391
41    -6132.894
42    -6137.086
43    -6135.909
44    -6130.832
45    -6134.781
46    -6134.118
47    -6133.174
48    -6131.726
49    -6130.608
50    -6128.879
51    -6139.755
52    -6136.132
53    -6132.094
54    -6133.621
55    -6137.712
56    -6138.859
57    -6126.154
58    -6133.530
59    -6133.489
60    -6126.583
61    -6130.093
62    -6139.713
63    -6139.147
64    -6131.685
65    -6127.930
66    -6135.481
67    -6139.031
68    -6133.381
69    -6131.416
70    -6138.302
71    -6131.581
72    -6132.739
73    -6138.248
74    -6135.461
75    -6136.930
76    -6140.797

$sum_log_lik
[1] -6116.552

