[1] "The taxa modelled are:"
 [1] "ASH"            "BEECH"          "BIRCH"          "ELM"            "HEMLOCK"        "MAPLE"         
 [7] "OAK"            "OTHER.CONIFER"  "OTHER.HARDWOOD" "PINE"           "SPRUCE"         "TAMARACK"      

[1] "Summary of posterior parameter vals:"
               mean        2.5%        50%       97.5%    n_eff      Rhat
phi[1]   48.4937412  42.0628650  48.425100  55.2607025 3737.775 0.9999085
phi[2]   23.1461042  16.6363400  22.922050  30.8128075 3762.536 0.9999398
phi[3]  132.9307308 120.6984250 132.800500 145.8176250 2206.536 0.9998865
phi[4]   40.8002781  35.9830275  40.750900  46.0099175 3681.250 0.9998704
phi[5]   34.7615580  29.9470600  34.709550  40.1099625 2682.514 0.9998642
phi[6]   15.4127202  13.3749300  15.390250  17.5922750 4186.913 0.9998648
phi[7]   48.0870783  43.4832525  48.036200  52.8695225 2066.337 0.9998692
phi[8]   14.7317427  12.3842575  14.714850  17.2475550 4132.260 0.9998892
phi[9]   60.2470983  54.5220200  60.173250  66.4420075 2238.944 0.9998645
phi[10] 173.6393818 158.5352500 173.300000 190.2401750 1906.787 0.9999020
phi[11]  56.8900113  49.9025000  56.776100  64.1405050 3901.248 0.9998844
phi[12]   7.3638029   6.0830982   7.340680   8.7590898 5502.883 0.9998624
psi       0.2072244   0.1963151   0.207094   0.2188258 6344.383 1.0001081
gamma     0.2104953   0.1927151   0.210426   0.2288474 4724.575 1.0012443
