[1] "The taxa modelled are:"
 [1] "ASH"            "BEECH"          "BIRCH"          "ELM"            "HEMLOCK"        "MAPLE"         
 [7] "OAK"            "OTHER.CONIFER"  "OTHER.HARDWOOD" "PINE"           "SPRUCE"         "TAMARACK"      

[1] "Summary of posterior parameter vals:"
                   mean        2.5%         50%       97.5%    n_eff      Rhat
phi[1]       57.1217728  48.4681050  56.8948000  65.2717175 399.4676 0.9979984
phi[2]       22.9483798  15.8060950  22.9836500  30.5478875 500.0000 1.0031309
phi[3]      131.2035340 119.3126750 130.6475000 143.9310750 152.3715 0.9991499
phi[4]       52.3589176  46.6173525  52.2302000  59.2826975 266.0793 0.9993398
phi[5]       34.9424596  30.4074000  34.8244000  40.5547425 257.1388 1.0047147
phi[6]       19.5994960  15.3461975  19.7043000  23.5828200 303.4635 1.0053636
phi[7]       46.7589686  42.8105100  46.4746000  51.5816525 120.2803 1.0016457
phi[8]       14.7744174  12.3884925  14.7150500  17.3808350 500.0000 0.9982281
phi[9]       70.7979432  61.0681525  70.7658000  80.0057550 152.5850 1.0014932
phi[10]     166.4840680 153.3726750 166.3750000 181.6589750 129.6043 0.9995062
phi[11]      61.2984026  53.1184875  61.0058000  70.5952875 379.7077 0.9998454
phi[12]       7.9361920   5.9413300   7.3619050  11.4359900 109.0062 0.9980709
gamma         0.1986253   0.1792344   0.1988120   0.2163270 422.0647 0.9980661
log_psi[1]   -0.9564703  -1.4085352  -0.9899010  -0.2447839 255.5715 0.9982719
log_psi[2]   -1.2921268  -1.5478820  -1.2998900  -0.9849322 500.0000 1.0200033
log_psi[3]   -1.6547336  -1.7783235  -1.6577600  -1.5258613 500.0000 1.0007525
log_psi[4]   -0.2938325  -0.8974736  -0.3637250   0.6323302 166.3262 0.9979986
log_psi[5]   -1.5665562  -1.6908460  -1.5688850  -1.4385255 408.6910 0.9981975
log_psi[6]   -0.7403087  -1.4701405  -0.7980475   0.3326929 207.4516 0.9996508
log_psi[7]   -1.5994789  -1.6976522  -1.6005500  -1.5012820 500.0000 0.9983610
log_psi[8]   -1.5957063  -1.8415850  -1.6011750  -1.3388743 500.0000 0.9982146
log_psi[9]   -1.0782388  -1.3506573  -1.0827900  -0.7909864 262.2663 1.0092407
log_psi[10]  -1.8526817  -1.9418400  -1.8531250  -1.7500323 500.0000 0.9983038
log_psi[11]  -1.3012832  -1.4978697  -1.3177350  -1.0216225 404.1758 0.9980446
log_psi[12]  -1.3768588  -2.2706425  -1.7486950   0.4406582 100.9491 0.9995686

