[1] "cal_pl_Ka_Kgamma_EPs_v0.3"

[1] "The taxa modelled are:"
 [1] "ASH"            "BEECH"          "BIRCH"          "ELM"            "HEMLOCK"        "MAPLE"         
 [7] "OAK"            "OTHER.CONIFER"  "OTHER.HARDWOOD" "PINE"           "SPRUCE"         "TAMARACK"      

[1] "Summary of posterior parameter vals:"
                    mean          2.5%         50%        97.5%    n_eff      Rhat
phi[1]       65.00971558  5.449347e+01  65.1526000  76.45420000 46.56911 0.9869394
phi[2]       39.70022987  2.157860e+01  31.6831000 108.95480000 42.51293 1.0087676
phi[3]      176.80300000  1.604496e+02 176.3120000 196.14920000 27.72550 1.0422874
phi[4]       56.25116104  4.931193e+01  56.5734000  62.88008000 60.67943 1.0222187
phi[5]       65.28628961  4.376960e+01  52.0454000 166.37550000 16.45506 1.0011559
phi[6]       19.92055584  1.700139e+01  19.8603000  22.55829000 77.00000 1.0007040
phi[7]       58.41014805  5.221522e+01  58.1363000  63.35382000 40.46603 1.0149922
phi[8]       17.17308052  1.442621e+01  16.9711000  20.20802000 77.00000 1.0133510
phi[9]       95.26597662  8.574960e+01  94.3405000 105.30300000 33.49832 1.0334132
phi[10]     265.33366234  2.349737e+02 264.8370000 299.41910000 28.21688 0.9868472
phi[11]      73.06491948  6.313246e+01  73.1565000  81.82811000 77.00000 1.0014699
phi[12]      20.24164130  7.706798e+00   9.6723300 126.39910000 45.69834 0.9884510
gamma[1]      0.05002292  5.159701e-03   0.0422114   0.12833260 77.00000 0.9867771
gamma[2]      0.10426167  6.261126e-04   0.0903461   0.26406250 53.21666 1.0909228
gamma[3]      0.05273893  7.055574e-03   0.0478728   0.10354870 28.41095 1.0062612
gamma[4]      0.15643268  8.199924e-02   0.1580210   0.23272230 44.34254 0.9911822
gamma[5]      0.24688671  6.847845e-02   0.2651190   0.42176070 24.56652 1.0079950
gamma[6]      0.20012089  1.244008e-01   0.1944990   0.33441500 77.00000 0.9994620
gamma[7]      0.04794560  3.299034e-03   0.0417853   0.13327410 77.00000 0.9984596
gamma[8]      0.04024554  2.742440e-03   0.0298407   0.12064170 77.00000 1.0034441
gamma[9]      0.03739530  2.425745e-03   0.0370661   0.07390427 66.17084 1.0119075
gamma[10]     0.02001168  2.113436e-03   0.0164085   0.05291894 77.00000 0.9934989
gamma[11]     0.11721130  8.038797e-03   0.1113070   0.26636780 50.30327 0.9920359
gamma[12]     0.23308834  2.087725e-02   0.2551630   0.49769350 56.54959 1.0368158
mu_gamma     -1.70416521 -1.989630e+00  -1.8333600  -0.46224970 56.19713 0.9890528
sigma_gamma   1.75324487  7.357497e-01   1.5658300   3.90230000 37.20469 0.9875247
log_a[1]     -1.84169292 -2.894926e+00  -1.7220100  -0.10659761 70.83937 0.9907995
log_a[2]     -4.84987584 -6.863211e+00  -4.7368400  -3.23940900 47.43936 0.9869150
log_a[3]     -4.12937636 -4.669688e+00  -4.1236100  -3.62522400 23.29351 0.9901896
log_a[4]     -1.36474815 -2.342566e+00  -1.4148200  -0.19379030 55.30540 0.9879861
log_a[5]     -5.25696390 -7.002824e+00  -5.0740600  -3.81244500 24.84157 1.0016750
log_a[6]     -2.43117481 -4.035464e+00  -2.4495600  -0.77609370 48.11711 0.9917858
log_a[7]     -4.05987935 -4.476764e+00  -4.0649100  -3.53833600 72.74004 1.0393849
log_a[8]     -3.83299468 -4.705482e+00  -3.7827700  -2.93370400 77.00000 0.9875921
log_a[9]     -1.62069136 -2.264405e+00  -1.5799600  -1.06887600 77.00000 0.9901454
log_a[10]    -5.58937883 -5.927450e+00  -5.6258900  -5.10851200 27.70910 1.0230033
log_a[11]    -3.74627584 -4.612770e+00  -3.8159900  -2.60397100 48.93797 0.9941587
log_a[12]    -5.39462688 -7.896644e+00  -5.3864200  -2.77068600 53.07507 1.0263985
b             2.02865779  2.001871e+00   2.0212500   2.08886900 21.93080 1.0863147
mu_a         -3.52680857 -4.462232e+00  -3.5288900  -2.33855800 75.30997 1.0064755
sigma_a       1.81582488  9.543993e-01   1.7382500   2.87833400 77.00000 0.9926010

[1] "WAIC:"
$waic
[1] 12281.98

$p_waic
[1] 35.82779

$lppd
[1] -6105.163

$p_waic_1
[1] 34.40372

[1] "AIC:"
[1] 12292.33

[1] "Log likelihood"
$log_lik
      log_lik
1   -13.85368
2   -25.76607
3   -34.43794
4   -23.78222
5   -25.17467
6   -21.90679
7   -31.58939
8   -18.92679
9   -21.57533
10  -29.76891
11  -23.06867
12  -28.90489
13  -26.94694
14  -24.91448
15  -29.03553
16  -26.52900
17  -27.25404
18  -27.16794
19  -39.85187
20  -26.60108
21  -27.98895
22  -25.58558
23  -33.84261
24  -26.04886
25  -21.67583
26  -29.55687
27  -26.02186
28  -25.86393
29  -39.79679
30  -23.85180
31  -37.98952
32  -33.53728
33  -29.12608
34  -29.84183
35  -25.94636
36  -23.39457
37  -22.65196
38  -29.62287
39  -27.80754
40  -23.23187
41  -20.53538
42  -52.54430
43  -24.29473
44  -35.63057
45  -29.52287
46  -46.63401
47  -26.08290
48  -19.35666
49  -37.87434
50  -27.18465
51  -25.63054
52  -21.83419
53  -34.85973
54  -38.94917
55  -29.34023
56  -26.64801
57  -22.39622
58  -36.04163
59  -22.28085
60  -29.63599
61  -33.40046
62  -32.08779
63  -26.13569
64  -23.49497
65  -29.89806
66  -36.17189
67  -29.19581
68  -24.56640
69  -40.29522
70  -27.14592
71  -30.67433
72  -25.99546
73  -21.37279
74  -30.60789
75  -24.30397
76  -23.97936
77  -31.52918
78  -30.63491
79  -41.02478
80  -33.92677
81  -45.31424
82  -22.42756
83  -31.08064
84  -29.40246
85  -28.88386
86  -37.81475
87  -37.59309
88  -30.42381
89  -27.44604
90  -23.31213
91  -21.95755
92  -27.07122
93  -24.13419
94  -26.07039
95  -25.31164
96  -36.47337
97  -21.85016
98  -21.18093
99  -43.34721
100 -30.26590
101 -26.85373
102 -23.55247
103 -27.01993
104 -26.57734
105 -23.79600
106 -25.61786
107 -31.70830
108 -26.63521
109 -34.24291
110 -27.49858
111 -26.98070
112 -29.40068
113 -32.96763
114 -24.45973
115 -27.74305
116 -31.37150
117 -39.24674
118 -28.16475
119 -46.70339
120 -28.04026
121 -31.72688
122 -33.55912
123 -21.21640
124 -37.72941
125 -24.89264
126 -41.58675
127 -25.23312
128 -29.06006
129 -37.91601
130 -28.44482
131 -27.54097
132 -32.33629
133 -64.29423
134 -38.79799
135 -24.18017
136 -24.17642
137 -27.24441
138 -29.54567
139 -27.38431
140 -28.75241
141 -24.86443
142 -29.01018
143 -36.73773
144 -18.33300
145 -22.90710
146 -32.62581
147 -33.56557
148 -36.53820
149 -31.19720
150 -38.42784
151 -31.37782
152 -20.24150
153 -38.22373
154 -29.89315
155 -34.74833
156 -29.37787
157 -32.50033
158 -21.59115
159 -27.13140
160 -23.01082
161 -22.18758
162 -28.15920
163 -26.53099
164 -29.88067
165 -25.86696
166 -25.99020
167 -28.62438
168 -25.57554
169 -32.87251
170 -25.76515
171 -38.47288
172 -24.00411
173 -31.82075
174 -22.01406
175 -30.18858
176 -35.67067
177 -28.93480
178 -26.31719
179 -26.83148
180 -25.22248
181 -26.90154
182 -26.27372
183 -26.33685
184 -23.15014
185 -33.27860
186 -31.02446
187 -30.06240
188 -32.32168
189 -28.45771
190 -32.37424
191 -33.74574
192 -26.21071
193 -31.94612
194 -36.28702
195 -37.86494
196 -36.89290
197 -34.55445
198 -38.54520
199 -33.46997
200 -43.11125
201 -30.52002
202 -35.34860
203 -29.81909
204 -33.31101
205 -36.61927
206 -33.78381

$log_lik_iter
   log_lik_iter
1     -6125.989
2     -6127.720
3     -6122.561
4     -6126.782
5     -6122.203
6     -6120.461
7     -6132.639
8     -6128.762
9     -6117.678
10    -6126.748
11    -6116.471
12    -6133.663
13    -6125.816
14    -6121.367
15    -6125.042
16    -6118.001
17    -6122.901
18    -6127.269
19    -6121.029
20    -6120.855
21    -6125.551
22    -6117.245
23    -6118.911
24    -6117.199
25    -6119.749
26    -6119.208
27    -6129.402
28    -6117.955
29    -6123.063
30    -6120.995
31    -6123.302
32    -6121.007
33    -6120.051
34    -6119.274
35    -6118.759
36    -6122.506
37    -6120.123
38    -6123.856
39    -6116.448
40    -6116.841
41    -6124.153
42    -6126.242
43    -6124.976
44    -6122.263
45    -6124.672
46    -6116.360
47    -6131.352
48    -6119.206
49    -6119.182
50    -6115.824
51    -6120.951
52    -6124.976
53    -6121.927
54    -6121.446
55    -6117.128
56    -6116.298
57    -6111.471
58    -6131.801
59    -6125.446
60    -6124.989
61    -6126.565
62    -6123.991
63    -6128.040
64    -6123.674
65    -6122.588
66    -6117.848
67    -6123.627
68    -6114.538
69    -6127.674
70    -6122.552
71    -6118.485
72    -6121.274
73    -6125.219
74    -6125.780
75    -6119.615
76    -6122.866
77    -6121.662

$sum_log_lik
[1] -6105.163

