[1] "The taxa modelled are:"
 [1] "ASH"            "BEECH"          "BIRCH"          "ELM"            "HEMLOCK"        "MAPLE"         
 [7] "OAK"            "OTHER.CONIFER"  "OTHER.HARDWOOD" "PINE"           "SPRUCE"         "TAMARACK"      

[1] "Summary of posterior parameter vals:"
               mean        2.5%         50%       97.5%    n_eff      Rhat
phi[1]   57.3516952  46.7076725  57.0885000  66.7774375 299.2397 1.0003654
phi[2]   22.5781752  15.7701425  22.2969000  30.5052075 500.0000 0.9980074
phi[3]  130.4491900 118.9089750 130.1110000 143.5382250 173.8666 1.0120638
phi[4]   52.3586958  46.2300925  52.3892500  58.4624175 304.0250 1.0296998
phi[5]   34.9160990  29.8176475  35.0616000  39.3643450 304.8031 1.0020366
phi[6]   19.7609050  15.6428425  19.8759000  23.8137250 298.8050 0.9980172
phi[7]   46.5563704  42.7668725  46.5239000  50.6390275 159.2493 1.0191502
phi[8]   14.7252592  12.1537925  14.5978000  17.6508000 500.0000 0.9992731
phi[9]   70.6933678  63.1808200  70.4205500  78.5771975 196.1272 1.0132431
phi[10] 165.3156160 151.0614750 165.0350000 179.8591250 120.7676 1.0424520
phi[11]  60.9076326  53.3219875  60.6269500  69.6371275 500.0000 1.0064256
phi[12]   9.0884547   5.9910955   9.4482400  11.5752975 100.6613 1.0249868
psi[1]    0.4419284   0.2437044   0.3897060   1.0993007 162.0242 1.0025985
psi[2]    0.2822723   0.2142500   0.2750105   0.3850038 500.0000 1.0024143
psi[3]    0.1918530   0.1703145   0.1911265   0.2155808 500.0000 1.0031704
psi[4]    0.8840047   0.4447528   0.7698895   1.8696977 107.7029 0.9982627
psi[5]    0.2093005   0.1872777   0.2082635   0.2348769 500.0000 1.0098019
psi[6]    0.5921621   0.2277467   0.4832405   1.5855462 168.2903 1.0002136
psi[7]    0.2028903   0.1846402   0.2022395   0.2232041 500.0000 0.9987742
psi[8]    0.2032500   0.1554648   0.2017130   0.2587436 500.0000 0.9981363
psi[9]    0.3470075   0.2734564   0.3417330   0.4482059 429.8885 0.9984474
psi[10]   0.1567563   0.1427296   0.1566230   0.1713938 500.0000 1.0007507
psi[11]   0.2741585   0.2226318   0.2707035   0.3422220 500.0000 0.9979980
psi[12]   0.8675446   0.1092971   0.8762465   1.9451095 119.5026 1.0459063
gamma     0.1983982   0.1797640   0.1985180   0.2177069 500.0000 0.9984175

[1] "WAIC:"
$waic
[1] 12624.13

$p_waic
[1] 34.70248

$lppd
[1] -6277.365

$p_waic_1
[1] 34.12488

