
[1] "The taxa modelled are:"
 [1] "ASH"            "BEECH"          "BIRCH"          "ELM"            "HEMLOCK"        "MAPLE"         
 [7] "OAK"            "OTHER.CONIFER"  "OTHER.HARDWOOD" "PINE"           "SPRUCE"         "TAMARACK"      

[1] "Summary of posterior parameter vals:"
                    mean          2.5%           50%        97.5%     n_eff      Rhat
phi[1]       49.40503900  4.362065e+01  49.510550000  55.05861500 163.40408 1.0132331
phi[2]       17.64087900  1.323179e+01  17.550400000  22.84964250 281.35592 1.0003402
phi[3]      173.39383000  1.574703e+02 173.128000000 191.31182500 126.62789 1.0071002
phi[4]       52.58201220  4.629203e+01  52.396100000  59.46762250 198.87362 1.0101193
phi[5]       54.56990660  4.686279e+01  54.527500000  61.87388250 190.26111 1.0059122
phi[6]       18.03886800  1.565639e+01  17.966400000  20.59056750 212.17379 0.9985025
phi[7]       61.26233180  5.545205e+01  61.204650000  66.93290500 125.80280 1.0073915
phi[8]       14.24234440  1.200584e+01  14.176250000  16.52232500 258.81710 1.0053736
phi[9]       66.07704660  6.033303e+01  65.839300000  73.02469750 122.84563 1.0080247
phi[10]     266.02690400  2.423872e+02 265.350000000 290.74452500 106.77009 1.0085862
phi[11]      48.46933080  4.256192e+01  48.666100000  53.78051000 245.90551 0.9980144
phi[12]       6.45196536  5.312755e+00   6.445355000   7.68685525 420.03199 0.9993901
gamma[1]      0.01797870  1.384350e-05   0.011904050   0.07483717 500.00000 1.0038381
gamma[2]      0.35410086  1.870516e-01   0.353351500   0.51358063 273.38675 0.9987332
gamma[3]      0.01352324  1.200978e-04   0.009534295   0.04866045 222.98778 1.0071758
gamma[4]      0.04395394  3.466657e-04   0.034244450   0.13347128 500.00000 1.0019005
gamma[5]      0.40094793  2.931624e-01   0.405295500   0.49396660 324.10703 1.0015626
gamma[6]      0.16673579  6.140081e-02   0.166041000   0.27535255 476.88762 1.0018492
gamma[7]      0.09284714  1.241162e-02   0.094847650   0.17643815 321.28049 0.9981824
gamma[8]      0.02859104  4.004781e-05   0.018114350   0.11133657 269.59336 1.0042886
gamma[9]      0.01587209  8.425844e-05   0.010634300   0.05884390 500.00000 0.9982760
gamma[10]     0.08593240  4.474109e-02   0.084574350   0.13059452 185.53383 0.9995015
gamma[11]     0.04659610  6.978029e-05   0.037359850   0.13737790 138.56157 1.0183990
gamma[12]     0.39791047  1.506462e-01   0.402445500   0.60831215 365.85643 0.9980007
mu_gamma     -1.60649750 -1.989717e+00  -1.751640000  -0.52376165 241.92922 1.0156020
sigma_gamma   2.66396168  1.113637e+00   2.300825000   6.47412350  44.32887 1.0572153
a             0.01449887  1.019908e-02   0.014081350   0.02144610 144.28414 0.9986656
b             2.03139152  2.000930e+00   2.021445000   2.12054125 255.93388 1.0012398

[1] "WAIC:"
$waic
[1] 12788.89

$p_waic
[1] 32.75601

$lppd
[1] -6361.688

$p_waic_1
[1] 31.86359

[1] "AIC:"
[1] 12779.38

[1] "Log likelihood"
$log_lik
      log_lik
1   -14.26312
2   -25.78036
3   -36.42115
4   -22.91359
5   -25.49237
6   -22.11518
7   -31.73662
8   -20.49896
9   -21.00541
10  -30.32680
11  -22.58789
12  -30.11286
13  -27.32205
14  -25.91533
15  -28.58194
16  -27.40009
17  -27.27987
18  -27.90449
19  -38.59178
20  -26.69411
21  -29.06679
22  -26.49953
23  -32.66320
24  -27.60014
25  -20.95081
26  -27.98747
27  -26.18213
28  -25.99611
29  -37.28698
30  -32.97934
31  -24.13852
32  -40.78352
33  -34.00348
34  -46.71586
35  -30.52720
36  -30.65300
37  -25.64598
38  -23.08727
39  -21.31526
40  -29.60224
41  -27.62139
42  -23.91548
43  -20.29734
44  -43.48180
45  -24.09333
46  -35.20134
47  -29.57376
48  -41.04746
49  -23.26481
50  -26.81505
51  -20.78412
52  -38.53763
53  -27.57574
54  -25.17001
55  -21.01020
56  -34.75976
57  -39.94666
58  -28.68400
59  -28.43911
60  -22.93091
61  -35.02264
62  -22.61473
63  -29.82791
64  -32.01003
65  -31.49124
66  -32.18034
67  -26.23837
68  -22.28210
69  -29.30024
70  -36.43370
71  -29.74967
72  -23.66526
73  -42.34735
74  -27.90754
75  -35.43329
76  -30.48240
77  -26.33683
78  -22.08797
79  -30.27122
80  -24.26689
81  -24.21162
82  -33.45091
83  -30.05619
84  -43.69416
85  -33.99265
86  -46.02247
87  -22.80075
88  -27.78182
89  -31.45928
90  -29.40113
91  -37.80724
92  -38.14415
93  -30.57494
94  -30.78970
95  -25.30408
96  -22.44281
97  -27.88038
98  -25.31009
99  -26.43463
100 -25.77906
101 -38.02871
102 -22.57667
103 -21.64779
104 -24.57084
105 -30.92092
106 -27.86543
107 -22.40920
108 -27.25743
109 -26.67141
110 -23.57940
111 -26.73644
112 -32.13779
113 -26.62729
114 -35.07573
115 -28.42487
116 -27.13863
117 -31.98294
118 -30.73656
119 -23.76729
120 -28.19451
121 -30.79519
122 -40.06258
123 -28.38317
124 -47.95148
125 -29.22824
126 -31.10828
127 -34.43239
128 -22.21515
129 -35.21150
130 -24.82055
131 -42.55025
132 -25.19926
133 -29.82185
134 -39.07120
135 -27.96727
136 -26.80175
137 -30.98442
138 -65.67379
139 -36.11646
140 -24.47658
141 -25.25174
142 -26.75883
143 -30.36793
144 -27.00770
145 -30.03531
146 -24.88990
147 -29.31288
148 -49.54034
149 -35.70827
150 -18.75346
151 -22.84118
152 -33.17004
153 -28.73632
154 -34.43506
155 -37.28970
156 -30.46643
157 -37.94055
158 -32.08157
159 -20.59833
160 -35.99852
161 -30.26597
162 -34.11275
163 -28.79523
164 -32.56545
165 -21.98086
166 -26.89663
167 -23.45214
168 -22.66192
169 -28.40574
170 -26.72394
171 -29.53046
172 -25.93791
173 -25.90584
174 -28.70387
175 -25.95085
176 -33.54409
177 -25.84858
178 -39.23212
179 -23.82178
180 -31.89281
181 -21.77006
182 -30.54365
183 -35.06389
184 -27.66093
185 -26.70392
186 -26.69759
187 -25.23616
188 -27.31242
189 -26.52480
190 -27.60107
191 -23.27594
192 -33.79517
193 -31.73113
194 -30.61484
195 -32.72518
196 -29.08885
197 -32.87142
198 -34.55619
199 -26.54975
200 -31.66772
201 -35.93289
202 -37.99229
203 -37.12710
204 -34.19335
205 -39.95224
206 -34.69745
207 -41.74396
208 -30.57490
209 -35.25363
210 -29.80621
211 -33.42416
212 -34.98627
213 -34.31212

$log_lik_iter
    log_lik_iter
1      -6374.664
2      -6379.034
3      -6373.445
4      -6380.401
5      -6376.391
6      -6378.155
7      -6372.648
8      -6379.998
9      -6380.693
10     -6377.604
11     -6386.885
12     -6378.293
13     -6378.048
14     -6373.626
15     -6374.648
16     -6374.513
17     -6374.993
18     -6378.458
19     -6378.854
20     -6377.855
21     -6375.451
22     -6373.376
23     -6378.318
24     -6376.701
25     -6375.977
26     -6382.958
27     -6379.025
28     -6377.363
29     -6378.274
30     -6375.341
31     -6375.301
32     -6376.539
33     -6378.497
34     -6382.585
35     -6382.073
36     -6377.749
37     -6379.676
38     -6386.845
39     -6382.514
40     -6381.938
41     -6372.397
42     -6380.794
43     -6382.569
44     -6378.252
45     -6376.273
46     -6371.331
47     -6380.142
48     -6379.983
49     -6381.180
50     -6380.142
51     -6371.877
52     -6377.016
53     -6376.245
54     -6378.016
55     -6380.418
56     -6375.364
57     -6381.787
58     -6381.464
59     -6375.908
60     -6380.657
61     -6374.265
62     -6381.581
63     -6378.016
64     -6377.974
65     -6377.447
66     -6374.868
67     -6377.113
68     -6373.297
69     -6377.588
70     -6375.882
71     -6375.320
72     -6383.665
73     -6374.884
74     -6384.129
75     -6372.641
76     -6381.352
77     -6373.752
78     -6376.622
79     -6381.944
80     -6391.278
81     -6375.838
82     -6374.555
83     -6376.142
84     -6383.884
85     -6377.976
86     -6384.189
87     -6383.340
88     -6375.421
89     -6368.879
90     -6380.985
91     -6374.389
92     -6377.019
93     -6372.084
94     -6378.830
95     -6380.545
96     -6374.076
97     -6379.429
98     -6376.453
99     -6377.311
100    -6377.573
101    -6377.629
102    -6373.148
103    -6372.215
104    -6373.917
105    -6371.690
106    -6375.158
107    -6382.685
108    -6374.807
109    -6372.937
110    -6380.988
111    -6375.957
112    -6374.299
113    -6376.849
114    -6388.975
115    -6380.005
116    -6371.298
117    -6376.073
118    -6381.190
119    -6375.288
120    -6370.984
121    -6377.679
122    -6378.091
123    -6380.168
124    -6377.932
125    -6371.339
126    -6374.473
127    -6376.295
128    -6383.289
129    -6375.739
130    -6380.004
131    -6377.549
132    -6378.183
133    -6380.110
134    -6372.121
135    -6375.592
136    -6377.313
137    -6374.515
138    -6381.480
139    -6375.341
140    -6377.812
141    -6381.719
142    -6379.066
143    -6378.616
144    -6379.063
145    -6372.606
146    -6374.564
147    -6373.788
148    -6377.117
149    -6374.885
150    -6382.281
151    -6383.341
152    -6379.009
153    -6384.519
154    -6379.339
155    -6373.423
156    -6381.029
157    -6377.744
158    -6375.988
159    -6379.935
160    -6376.924
161    -6376.387
162    -6382.186
163    -6375.008
164    -6374.149
165    -6377.450
166    -6371.544
167    -6376.815
168    -6373.839
169    -6375.909
170    -6382.687
171    -6376.495
172    -6373.673
173    -6374.565
174    -6381.663
175    -6373.846
176    -6381.064
177    -6380.079
178    -6371.166
179    -6373.335
180    -6377.288
181    -6378.558
182    -6375.085
183    -6377.215
184    -6389.460
185    -6383.202
186    -6373.576
187    -6386.941
188    -6376.035
189    -6370.975
190    -6377.439
191    -6376.517
192    -6375.849
193    -6374.416
194    -6378.703
195    -6377.791
196    -6379.321
197    -6383.681
198    -6383.480
199    -6375.254
200    -6380.257
201    -6373.951
202    -6374.646
203    -6376.076
204    -6375.973
205    -6383.202
206    -6374.625
207    -6377.869
208    -6378.484
209    -6381.143
210    -6387.889
211    -6378.170
212    -6370.991
213    -6378.666
214    -6381.256
215    -6380.436
216    -6375.106
217    -6375.467
218    -6381.173
219    -6378.992
220    -6377.363
221    -6374.503
222    -6373.211
223    -6384.440
224    -6378.303
225    -6376.210
226    -6381.456
227    -6379.980
228    -6379.192
229    -6374.765
230    -6373.746
231    -6377.375
232    -6373.566
233    -6373.797
234    -6378.910
235    -6385.203
236    -6385.356
237    -6377.539
238    -6381.034
239    -6378.881
240    -6378.642
241    -6375.737
242    -6377.838
243    -6381.055
244    -6374.705
245    -6382.539
246    -6381.375
247    -6382.201
248    -6385.177
249    -6380.084
250    -6378.244
251    -6374.706
252    -6374.734
253    -6377.866
254    -6376.619
255    -6373.524
256    -6386.727
257    -6378.099
258    -6383.346
259    -6374.906
260    -6380.621
261    -6380.632
262    -6375.496
263    -6382.732
264    -6374.536
265    -6372.408
266    -6386.152
267    -6378.874
268    -6378.663
269    -6375.280
270    -6378.119
271    -6376.975
272    -6377.662
273    -6373.052
274    -6376.635
275    -6377.768
276    -6379.070
277    -6377.503
278    -6374.271
279    -6378.630
280    -6374.380
281    -6379.636
282    -6375.015
283    -6382.390
284    -6373.296
285    -6372.346
286    -6374.115
287    -6377.093
288    -6371.566
289    -6371.139
290    -6374.881
291    -6373.679
292    -6379.182
293    -6372.754
294    -6376.381
295    -6374.531
296    -6376.963
297    -6376.339
298    -6374.588
299    -6376.758
300    -6375.513
301    -6374.774
302    -6377.847
303    -6382.646
304    -6376.029
305    -6372.598
306    -6376.040
307    -6377.009
308    -6380.043
309    -6375.236
310    -6381.986
311    -6375.414
312    -6371.218
313    -6377.002
314    -6380.047
315    -6378.575
316    -6378.346
317    -6374.393
318    -6375.640
319    -6379.833
320    -6383.400
321    -6378.939
322    -6375.397
323    -6378.609
324    -6386.007
325    -6376.308
326    -6385.369
327    -6385.522
328    -6383.179
329    -6372.505
330    -6373.422
331    -6375.591
332    -6376.727
333    -6374.707
334    -6381.105
335    -6380.266
336    -6378.602
337    -6371.360
338    -6374.065
339    -6378.664
340    -6377.556
341    -6374.306
342    -6376.830
343    -6375.432
344    -6382.793
345    -6376.982
346    -6374.332
347    -6377.225
348    -6374.241
349    -6382.535
350    -6376.727
351    -6372.696
352    -6375.062
353    -6372.117
354    -6379.304
355    -6384.475
356    -6373.393
357    -6377.268
358    -6375.092
359    -6375.900
360    -6373.373
361    -6376.097
362    -6378.282
363    -6381.536
364    -6376.664
365    -6373.932
366    -6378.072
367    -6378.771
368    -6374.108
369    -6375.945
370    -6379.234
371    -6375.005
372    -6386.303
373    -6381.350
374    -6375.516
375    -6375.666
376    -6381.555
377    -6378.410
378    -6382.881
379    -6377.489
380    -6373.988
381    -6373.427
382    -6378.834
383    -6377.241
384    -6380.142
385    -6376.483
386    -6375.397
387    -6375.912
388    -6371.488
389    -6380.480
390    -6373.883
391    -6381.224
392    -6375.955
393    -6380.112
394    -6376.071
395    -6376.533
396    -6373.836
397    -6374.935
398    -6374.874
399    -6369.343
400    -6372.483
401    -6376.567
402    -6374.060
403    -6378.173
404    -6387.618
405    -6380.797
406    -6378.022
407    -6385.162
408    -6375.862
409    -6375.276
410    -6381.644
411    -6372.312
412    -6381.334
413    -6380.221
414    -6381.275
415    -6376.003
416    -6377.917
417    -6378.380
418    -6374.638
419    -6373.328
420    -6373.968
421    -6384.676
422    -6382.312
423    -6383.044
424    -6379.458
425    -6376.301
426    -6375.891
427    -6379.187
428    -6376.739
429    -6383.292
430    -6375.135
431    -6373.562
432    -6376.029
433    -6381.765
434    -6376.922
435    -6378.094
436    -6376.024
437    -6383.987
438    -6369.250
439    -6373.795
440    -6380.897
441    -6375.748
442    -6382.421
443    -6376.351
444    -6374.859
445    -6386.313
446    -6373.040
447    -6373.673
448    -6370.099
449    -6377.019
450    -6378.204
451    -6373.718
452    -6383.117
453    -6379.019
454    -6375.637
455    -6378.786
456    -6373.384
457    -6380.722
458    -6376.933
459    -6383.655
460    -6369.376
461    -6376.016
462    -6373.458
463    -6377.834
464    -6371.750
465    -6370.867
466    -6382.294
467    -6379.392
468    -6375.282
469    -6372.585
470    -6377.727
471    -6381.701
472    -6374.595
473    -6379.376
474    -6379.103
475    -6375.548
476    -6373.266
477    -6380.838
478    -6376.233
479    -6375.832
480    -6372.458
481    -6378.370
482    -6390.050
483    -6380.811
484    -6377.781
485    -6381.021
486    -6377.264
487    -6370.285
488    -6379.227
489    -6381.882
490    -6380.923
491    -6372.528
492    -6379.214
493    -6377.034
494    -6380.430
495    -6381.467
496    -6377.269
497    -6386.911
498    -6379.562
499    -6375.822
500    -6379.596

$sum_log_lik
[1] -6361.688

