[1] "The taxa modelled are:"
 [1] "ASH"            "BEECH"          "BIRCH"          "ELM"            "HEMLOCK"        "MAPLE"         
 [7] "OAK"            "OTHER.CONIFER"  "OTHER.HARDWOOD" "PINE"           "SPRUCE"         "TAMARACK"      

[1] "Summary of posterior parameter vals:"
                mean         2.5%          50%        97.5%    n_eff      Rhat
phi[1]   54.60752340  47.93144750  54.42885000  61.79477500 340.9677 1.0010435
phi[2]   29.82009960  21.81273000  29.63405000  39.61134000 326.6738 0.9984404
phi[3]  159.20690800 144.46562500 158.85650000 174.83985000 144.4549 0.9983079
phi[4]   46.14269980  40.29940250  46.24285000  51.54884250 170.2383 0.9980890
phi[5]   39.69947180  34.94039500  39.55605000  45.71002000 204.1369 1.0066927
phi[6]   16.88349920  14.61025500  16.90575000  19.22049250 244.4018 0.9987139
phi[7]   57.23195820  51.56109000  57.13475000  62.59250250 132.7122 0.9981035
phi[8]   16.11625860  13.62313250  16.04315000  18.80584750 500.0000 0.9979990
phi[9]   71.74528600  64.84049250  71.84500000  78.51395500 142.7613 0.9980338
phi[10] 217.32358600 197.20967500 217.24300000 236.95307500 131.5022 0.9980345
phi[11]  66.78008160  57.90304750  66.71400000  74.99070000 238.8517 0.9982180
phi[12]   8.46117536   6.82985550   8.47319000  10.03284000 500.0000 0.9986711
gamma     0.07815368   0.04734477   0.07928885   0.10732395 304.1092 1.0025368
a         0.01535005   0.01054458   0.01509495   0.02191774 188.0442 1.0074224
b         2.02380974   2.00108000   2.01619500   2.09601175 164.2938 1.0057782

[1] "WAIC:"
$waic
[1] 12416.99

$p_waic
[1] 23.26643

$lppd
[1] -6185.231

$p_waic_1
[1] 22.93904

