
[1] "The taxa modelled are:"
 [1] "ASH"            "BEECH"          "BIRCH"          "ELM"            "HEMLOCK"        "MAPLE"         
 [7] "OAK"            "OTHER.CONIFER"  "OTHER.HARDWOOD" "PINE"           "SPRUCE"         "TAMARACK"      

[1] "Summary of posterior parameter vals:"
                    mean          2.5%         50%        97.5%     n_eff      Rhat
phi[1]       55.71907711  4.789534e+01  55.6939000  63.77044500 173.30748 0.9976148
phi[2]       28.29029946  1.889816e+01  27.6725000  39.00489500 208.07233 1.0026562
phi[3]      167.79686376  1.517270e+02 167.6690000 184.08805000 108.92295 0.9998649
phi[4]       47.34067793  4.206826e+01  47.3373000  52.74569000 179.86680 1.0028333
phi[5]       44.98057384  3.883516e+01  44.9330000  51.35834500 237.75861 0.9999235
phi[6]       17.36926049  1.504322e+01  17.2883000  19.83506500 187.38411 1.0065594
phi[7]       58.86286267  5.366900e+01  58.7224000  65.15169500  99.90151 1.0010489
phi[8]       16.23580708  1.375563e+01  16.2078000  18.89542500 277.61510 0.9982712
phi[9]       75.79672725  6.900830e+01  75.7035000  83.26598500 108.31762 0.9993702
phi[10]     220.08021253  2.011501e+02 219.4720000 241.75440000  97.82340 0.9991783
phi[11]      68.41795286  5.984947e+01  68.3491000  76.94535000 166.98457 1.0048367
phi[12]       8.46786531  7.020715e+00   8.4364400  10.19487000 334.28936 0.9988719
gamma[1]      0.02235377  2.515638e-04   0.0168235   0.07642035 367.00000 1.0051777
gamma[2]      0.14338584  6.306581e-03   0.1405470   0.29847640  67.77056 1.0268604
gamma[3]      0.02621289  8.808651e-06   0.0239077   0.07331943  70.06250 1.0177408
gamma[4]      0.06056683  9.073686e-04   0.0533094   0.15130100 274.74192 0.9991522
gamma[5]      0.34317853  2.323414e-01   0.3456220   0.44814435 332.42645 1.0007084
gamma[6]      0.17447351  6.687031e-02   0.1787310   0.28650765 184.66239 1.0028651
gamma[7]      0.09592237  4.451168e-04   0.1011000   0.18412380  26.60048 1.0149722
gamma[8]      0.03545119  3.297167e-04   0.0220522   0.13836695 174.48486 1.0055555
gamma[9]      0.01585822  3.527062e-04   0.0121644   0.04768603 113.27913 0.9999581
gamma[10]     0.11920707  8.304405e-02   0.1188590   0.15873835  92.83565 1.0054639
gamma[11]     0.06208214  1.089269e-03   0.0572794   0.16691600 117.95767 1.0101825
gamma[12]     0.33217560  1.286823e-01   0.3375310   0.54626915 171.90829 0.9984220
mu_gamma     -1.69666665 -1.984870e+00  -1.7788100  -0.89354690 367.00000 0.9972683
sigma_gamma   2.22882099  9.015590e-01   1.9075300   5.17966750  34.93445 1.0285272
a             0.01921007  1.333587e-02   0.0188255   0.02834602  44.74833 1.0174034
b             2.03181371  2.000417e+00   2.0227300   2.11789450 188.81967 0.9976690

[1] "WAIC:"
$waic
[1] 12372.7

$p_waic
[1] 33.61095

$lppd
[1] -6152.74

$p_waic_1
[1] 32.48983

[1] "AIC:"
[1] 12361.48

[1] "Log likelihood"
$log_lik
      log_lik
1   -14.08512
2   -25.55935
3   -38.35092
4   -23.48909
5   -25.22077
6   -22.18670
7   -31.13258
8   -19.43333
9   -21.08674
10  -30.07697
11  -22.83861
12  -30.04799
13  -27.31730
14  -25.42614
15  -28.92837
16  -27.30671
17  -27.39415
18  -27.56753
19  -40.03066
20  -26.99380
21  -29.26529
22  -26.12663
23  -34.18159
24  -26.94899
25  -21.12273
26  -28.96183
27  -25.34790
28  -25.42840
29  -38.23208
30  -23.99033
31  -40.75106
32  -34.47433
33  -31.15429
34  -30.51524
35  -25.93575
36  -23.24284
37  -21.28330
38  -29.78132
39  -27.75599
40  -23.85413
41  -20.48369
42  -47.70678
43  -24.31720
44  -35.41101
45  -29.27013
46  -45.37950
47  -27.04500
48  -19.45437
49  -37.88615
50  -27.79960
51  -25.09762
52  -21.12285
53  -34.70677
54  -39.12592
55  -28.69877
56  -27.60326
57  -22.76386
58  -35.81313
59  -22.23580
60  -30.69278
61  -33.43283
62  -32.91927
63  -25.96836
64  -22.52961
65  -29.91611
66  -35.70113
67  -30.02472
68  -24.84883
69  -41.44115
70  -27.63826
71  -30.10627
72  -26.23674
73  -21.91441
74  -30.31238
75  -24.36780
76  -23.92989
77  -33.26897
78  -31.39803
79  -42.20854
80  -34.88431
81  -46.59597
82  -22.06018
83  -29.13365
84  -30.74935
85  -29.52460
86  -38.19402
87  -37.53329
88  -30.84532
89  -29.03277
90  -24.53187
91  -22.12884
92  -28.03932
93  -25.35568
94  -26.35373
95  -25.96921
96  -36.90731
97  -23.15764
98  -21.62162
99  -44.25710
100 -30.43687
101 -27.31862
102 -22.82126
103 -27.99630
104 -27.04589
105 -23.87883
106 -26.25494
107 -32.69325
108 -26.71330
109 -35.61236
110 -27.55844
111 -27.37054
112 -30.02983
113 -31.55807
114 -24.45154
115 -28.33530
116 -30.30743
117 -40.37497
118 -28.68605
119 -47.71173
120 -28.47987
121 -31.39975
122 -34.45883
123 -21.95876
124 -37.03356
125 -24.76530
126 -42.22414
127 -25.00626
128 -29.57949
129 -39.06869
130 -28.30323
131 -27.31173
132 -31.35611
133 -63.60596
134 -37.24432
135 -24.29402
136 -25.09623
137 -27.15216
138 -29.67473
139 -26.90863
140 -29.97061
141 -25.14627
142 -30.00736
143 -35.74746
144 -18.80175
145 -23.14736
146 -33.77200
147 -34.78726
148 -37.55486
149 -31.15453
150 -39.11626
151 -31.79794
152 -20.57993
153 -36.90424
154 -30.46981
155 -34.52058
156 -28.13405
157 -31.78705
158 -21.95522
159 -27.72613
160 -23.64655
161 -22.35914
162 -29.45980
163 -26.74317
164 -29.95060
165 -26.17760
166 -25.87717
167 -28.23050
168 -25.87765
169 -33.52856
170 -25.88972
171 -39.35285
172 -23.66918
173 -32.04081
174 -22.09452
175 -30.24178
176 -34.80840
177 -28.17541
178 -27.15116
179 -26.55192
180 -25.54426
181 -27.10536
182 -26.65416
183 -27.18452
184 -23.32853
185 -33.45363
186 -31.86626
187 -30.28495
188 -32.77727
189 -29.21354
190 -33.04545
191 -33.52167
192 -26.44900
193 -31.50893
194 -36.50879
195 -38.14095
196 -37.31111
197 -34.59625
198 -40.27941
199 -34.50401
200 -42.42286
201 -30.96822
202 -35.32543
203 -29.82510
204 -33.24272
205 -35.79122
206 -34.42139

$log_lik_iter
    log_lik_iter
1      -6165.699
2      -6167.406
3      -6167.178
4      -6167.726
5      -6163.644
6      -6165.835
7      -6169.967
8      -6166.902
9      -6168.719
10     -6169.822
11     -6172.253
12     -6170.846
13     -6164.656
14     -6171.181
15     -6166.839
16     -6167.506
17     -6166.167
18     -6168.341
19     -6163.602
20     -6167.673
21     -6170.011
22     -6174.475
23     -6165.760
24     -6173.227
25     -6168.083
26     -6167.586
27     -6172.274
28     -6162.305
29     -6167.458
30     -6170.996
31     -6165.105
32     -6175.747
33     -6167.867
34     -6168.710
35     -6170.010
36     -6176.636
37     -6168.916
38     -6164.140
39     -6167.225
40     -6176.637
41     -6169.774
42     -6170.348
43     -6167.758
44     -6166.251
45     -6169.708
46     -6170.343
47     -6171.824
48     -6166.592
49     -6169.811
50     -6163.364
51     -6166.790
52     -6171.206
53     -6163.382
54     -6169.583
55     -6168.870
56     -6169.800
57     -6172.242
58     -6164.788
59     -6171.641
60     -6170.307
61     -6167.764
62     -6170.368
63     -6170.328
64     -6173.063
65     -6172.047
66     -6172.639
67     -6164.736
68     -6168.653
69     -6164.582
70     -6162.766
71     -6167.990
72     -6170.546
73     -6166.626
74     -6170.062
75     -6163.179
76     -6172.003
77     -6174.552
78     -6163.284
79     -6170.415
80     -6163.953
81     -6168.681
82     -6168.465
83     -6167.196
84     -6170.038
85     -6171.750
86     -6167.834
87     -6172.221
88     -6168.530
89     -6171.376
90     -6166.975
91     -6166.209
92     -6170.980
93     -6168.443
94     -6166.354
95     -6167.060
96     -6167.292
97     -6168.277
98     -6162.793
99     -6171.938
100    -6165.288
101    -6166.033
102    -6169.753
103    -6172.783
104    -6170.941
105    -6169.033
106    -6166.015
107    -6173.957
108    -6168.394
109    -6176.329
110    -6169.563
111    -6176.223
112    -6172.746
113    -6173.979
114    -6168.105
115    -6164.426
116    -6168.644
117    -6168.356
118    -6165.605
119    -6163.868
120    -6170.135
121    -6169.564
122    -6169.038
123    -6170.659
124    -6168.307
125    -6174.032
126    -6173.681
127    -6167.254
128    -6171.228
129    -6169.480
130    -6175.472
131    -6167.657
132    -6171.628
133    -6169.391
134    -6174.507
135    -6169.642
136    -6169.664
137    -6166.989
138    -6169.969
139    -6167.254
140    -6172.699
141    -6171.011
142    -6164.391
143    -6169.370
144    -6166.666
145    -6163.292
146    -6169.387
147    -6168.273
148    -6169.364
149    -6168.108
150    -6164.867
151    -6165.556
152    -6173.865
153    -6168.179
154    -6164.736
155    -6168.310
156    -6166.654
157    -6163.897
158    -6169.377
159    -6175.028
160    -6165.009
161    -6169.658
162    -6171.475
163    -6171.194
164    -6168.719
165    -6167.236
166    -6172.043
167    -6169.386
168    -6170.351
169    -6164.448
170    -6166.749
171    -6170.421
172    -6167.899
173    -6171.623
174    -6162.556
175    -6176.658
176    -6173.298
177    -6175.137
178    -6171.724
179    -6162.511
180    -6168.605
181    -6171.047
182    -6170.985
183    -6170.324
184    -6163.619
185    -6162.218
186    -6168.016
187    -6164.398
188    -6169.265
189    -6174.593
190    -6169.005
191    -6163.742
192    -6164.061
193    -6167.890
194    -6172.623
195    -6164.169
196    -6176.658
197    -6162.865
198    -6166.998
199    -6168.745
200    -6165.180
201    -6163.165
202    -6164.603
203    -6160.676
204    -6163.467
205    -6163.641
206    -6171.412
207    -6172.833
208    -6166.373
209    -6166.097
210    -6166.422
211    -6166.196
212    -6170.158
213    -6165.668
214    -6164.079
215    -6167.470
216    -6171.240
217    -6165.285
218    -6173.480
219    -6162.709
220    -6169.907
221    -6165.666
222    -6165.830
223    -6171.767
224    -6168.635
225    -6170.314
226    -6168.940
227    -6166.356
228    -6179.313
229    -6167.688
230    -6163.367
231    -6169.450
232    -6177.366
233    -6169.715
234    -6165.773
235    -6170.559
236    -6167.206
237    -6169.416
238    -6168.664
239    -6163.610
240    -6171.048
241    -6169.691
242    -6172.916
243    -6178.611
244    -6166.499
245    -6176.001
246    -6169.845
247    -6172.676
248    -6171.490
249    -6163.868
250    -6171.284
251    -6170.794
252    -6172.981
253    -6167.746
254    -6165.451
255    -6168.123
256    -6171.127
257    -6164.790
258    -6168.268
259    -6168.485
260    -6176.764
261    -6171.127
262    -6167.798
263    -6171.186
264    -6170.910
265    -6164.689
266    -6165.411
267    -6166.138
268    -6168.159
269    -6167.772
270    -6174.920
271    -6173.076
272    -6170.689
273    -6170.675
274    -6171.516
275    -6166.716
276    -6166.987
277    -6173.418
278    -6173.908
279    -6171.009
280    -6169.095
281    -6168.804
282    -6164.942
283    -6166.131
284    -6170.178
285    -6167.158
286    -6167.001
287    -6174.902
288    -6163.298
289    -6166.345
290    -6174.782
291    -6170.432
292    -6167.815
293    -6168.926
294    -6168.846
295    -6172.553
296    -6167.035
297    -6177.961
298    -6175.714
299    -6168.587
300    -6174.635
301    -6168.370
302    -6168.274
303    -6179.243
304    -6167.999
305    -6166.928
306    -6161.840
307    -6169.257
308    -6168.490
309    -6168.585
310    -6171.885
311    -6165.801
312    -6165.454
313    -6165.967
314    -6167.109
315    -6168.422
316    -6169.462
317    -6171.469
318    -6168.039
319    -6172.463
320    -6168.348
321    -6171.316
322    -6173.860
323    -6163.896
324    -6171.852
325    -6165.708
326    -6172.045
327    -6174.819
328    -6174.183
329    -6169.801
330    -6170.661
331    -6166.246
332    -6169.089
333    -6166.343
334    -6167.105
335    -6170.370
336    -6169.508
337    -6175.416
338    -6165.573
339    -6171.295
340    -6168.371
341    -6166.830
342    -6173.048
343    -6168.802
344    -6170.630
345    -6168.011
346    -6175.542
347    -6170.777
348    -6176.631
349    -6164.835
350    -6169.150
351    -6171.355
352    -6168.722
353    -6164.530
354    -6172.212
355    -6172.285
356    -6165.933
357    -6170.172
358    -6163.167
359    -6169.039
360    -6168.481
361    -6167.818
362    -6169.098
363    -6167.527
364    -6166.911
365    -6172.329
366    -6166.583
367    -6168.634

$sum_log_lik
[1] -6152.74

