
[1] "The taxa modelled are:"
 [1] "ASH"            "BEECH"          "BIRCH"          "ELM"            "HEMLOCK"        "MAPLE"         
 [7] "OAK"            "OTHER.CONIFER"  "OTHER.HARDWOOD" "PINE"           "SPRUCE"         "TAMARACK"      

[1] "Summary of posterior parameter vals:"
                    mean         2.5%          50%       97.5%    n_eff      Rhat
phi[1]       50.46976440  44.46004750  50.33370000  57.6426950 362.1785 0.9988609
phi[2]       23.57217840  16.83220000  23.37375000  32.9857625 387.5714 1.0055131
phi[3]      143.30298000 130.09730000 143.14550000 158.1302000 120.3924 1.0013203
phi[4]       42.72973460  38.04458500  42.61085000  47.8973125 263.6240 0.9991569
phi[5]       38.88073740  33.54775250  38.82620000  44.7915825 198.7917 0.9980077
phi[6]       15.97387760  13.66037000  16.02425000  18.1398025 410.7968 1.0015279
phi[7]       49.81435660  45.04901250  49.71675000  54.8738625 129.7707 0.9996646
phi[8]       14.87678040  12.67178250  14.81565000  17.4059775 500.0000 1.0008256
phi[9]       67.17819080  60.12505500  67.16830000  73.9463500 119.4883 0.9992926
phi[10]     176.54511000 159.64945000 176.42100000 193.9333000 107.4457 0.9981069
phi[11]      59.49695460  51.89774000  59.33110000  67.3285050 227.2591 0.9988630
phi[12]       7.55991186   6.40207125   7.53810500   8.9344070 325.1877 0.9986711
psi           0.21507781   0.20267198   0.21458500   0.2305520 312.4913 0.9983934
gamma[1]      0.07395012   0.01076038   0.07070455   0.1495105 331.6847 0.9985653
gamma[2]      0.20235726   0.09150578   0.20102450   0.3435737 443.5908 1.0108229
gamma[3]      0.11872991   0.06348592   0.11859750   0.1714725 500.0000 0.9980005
gamma[4]      0.14377283   0.06999109   0.14349950   0.2213673 249.9586 0.9989232
gamma[5]      0.39083520   0.29049290   0.39301250   0.4789076 394.8123 0.9987163
gamma[6]      0.20197664   0.10590535   0.20051200   0.3051003 500.0000 1.0014034
gamma[7]      0.28234072   0.22189795   0.28145750   0.3491056 389.4505 1.0046173
gamma[8]      0.08973261   0.01621673   0.08510310   0.1895597 256.0442 0.9980515
gamma[9]      0.04975535   0.01340128   0.04789180   0.0954336 379.7694 1.0000051
gamma[10]     0.25688324   0.22483330   0.25593250   0.2883035 500.0000 0.9984466
gamma[11]     0.18068386   0.09710489   0.18036450   0.2562502 500.0000 1.0032710
gamma[12]     0.36417341   0.17266227   0.36385500   0.5854096 378.2377 0.9986342
mu_gamma     -1.56271403  -1.97900050  -1.58322000  -0.9937322 336.3799 0.9984144
sigma_gamma   1.03522407   0.55417275   0.95493100   1.9536038 206.0810 0.9980226

[1] "WAIC:"
$waic
[1] 12615.49

$p_waic
[1] 36.15821

$lppd
[1] -6271.587

$p_waic_1
[1] 35.09107

[1] "AIC:"
[1] 12597.17

[1] "Log likelihood"
$log_lik
      log_lik
1   -14.61668
2   -25.25309
3   -48.07428
4   -23.39920
5   -26.57403
6   -22.23047
7   -31.42724
8   -19.38592
9   -21.01947
10  -29.26943
11  -23.71408
12  -31.09064
13  -28.84831
14  -26.54791
15  -30.43615
16  -26.95233
17  -28.80858
18  -27.37872
19  -40.66609
20  -26.97576
21  -29.54765
22  -26.51418
23  -34.82970
24  -27.12236
25  -21.29306
26  -28.34879
27  -23.80861
28  -24.93361
29  -34.35595
30  -23.60971
31  -45.68850
32  -33.41471
33  -34.06555
34  -32.01261
35  -26.70261
36  -23.50539
37  -22.76290
38  -30.07930
39  -29.40955
40  -23.63410
41  -19.69005
42  -43.34236
43  -24.89263
44  -36.55082
45  -30.61620
46  -43.08253
47  -29.15994
48  -17.96844
49  -39.30609
50  -29.70052
51  -25.30605
52  -22.44164
53  -34.75213
54  -39.02210
55  -27.02730
56  -28.38482
57  -23.38094
58  -33.83176
59  -22.96008
60  -34.05513
61  -32.21976
62  -34.24119
63  -25.82871
64  -22.01831
65  -32.39452
66  -36.56084
67  -30.81162
68  -25.29272
69  -40.47382
70  -28.65588
71  -30.58843
72  -27.20408
73  -22.10347
74  -30.58331
75  -23.91752
76  -26.36336
77  -36.66702
78  -30.91154
79  -42.47576
80  -36.14222
81  -49.97493
82  -20.85505
83  -27.16647
84  -30.66578
85  -33.07458
86  -42.16945
87  -40.81199
88  -31.41458
89  -31.18498
90  -25.89481
91  -22.55548
92  -27.97360
93  -26.06086
94  -26.68920
95  -26.22955
96  -38.48152
97  -23.49313
98  -22.22730
99  -48.37603
100 -32.72407
101 -27.81707
102 -22.50883
103 -30.04234
104 -28.31175
105 -23.65683
106 -26.21940
107 -35.74978
108 -27.01360
109 -40.06197
110 -30.36596
111 -28.02063
112 -32.16248
113 -27.78629
114 -23.97602
115 -29.28108
116 -30.57756
117 -43.44496
118 -31.44211
119 -51.10214
120 -28.62741
121 -31.40440
122 -34.58535
123 -21.28148
124 -34.16377
125 -27.03133
126 -40.94105
127 -27.30506
128 -30.56695
129 -39.27227
130 -30.76258
131 -27.14952
132 -32.19153
133 -63.25539
134 -33.07158
135 -22.65882
136 -24.73327
137 -27.07491
138 -30.05788
139 -27.07430
140 -31.27628
141 -25.86898
142 -28.76473
143 -36.21706
144 -19.39629
145 -23.17632
146 -37.22437
147 -38.47842
148 -40.54129
149 -32.67424
150 -38.11213
151 -33.16180
152 -20.96732
153 -38.61301
154 -30.53409
155 -35.45424
156 -27.44485
157 -31.69288
158 -21.43492
159 -27.66130
160 -24.92940
161 -22.76418
162 -31.18133
163 -26.24763
164 -29.18506
165 -25.80350
166 -26.43898
167 -28.46237
168 -26.28816
169 -33.71670
170 -26.05841
171 -40.13957
172 -22.97395
173 -33.32980
174 -22.01339
175 -29.90450
176 -34.89586
177 -28.77025
178 -28.05475
179 -26.02032
180 -25.79598
181 -27.22092
182 -26.95727
183 -28.35313
184 -23.11753
185 -33.49045
186 -32.55936
187 -30.35840
188 -33.27004
189 -29.74560
190 -33.52561
191 -33.79325
192 -27.03190
193 -32.07970
194 -36.24127
195 -37.23599
196 -38.06753
197 -34.80341
198 -44.53991
199 -35.01496
200 -40.97166
201 -31.17408
202 -37.00135
203 -31.02546
204 -33.21576
205 -33.97217
206 -35.14593

$log_lik_iter
    log_lik_iter
1      -6286.965
2      -6287.823
3      -6287.292
4      -6288.135
5      -6290.765
6      -6288.952
7      -6287.762
8      -6297.029
9      -6289.452
10     -6289.268
11     -6292.026
12     -6288.850
13     -6294.881
14     -6286.076
15     -6293.912
16     -6287.577
17     -6298.342
18     -6284.575
19     -6297.012
20     -6291.705
21     -6285.072
22     -6291.798
23     -6285.805
24     -6284.199
25     -6289.939
26     -6288.298
27     -6286.873
28     -6286.383
29     -6285.516
30     -6289.574
31     -6286.805
32     -6288.618
33     -6291.185
34     -6290.997
35     -6288.753
36     -6288.154
37     -6291.638
38     -6288.177
39     -6295.819
40     -6291.866
41     -6284.449
42     -6288.004
43     -6290.068
44     -6285.490
45     -6292.204
46     -6291.822
47     -6284.881
48     -6290.585
49     -6289.486
50     -6284.399
51     -6292.077
52     -6287.294
53     -6288.593
54     -6289.592
55     -6290.067
56     -6286.532
57     -6293.171
58     -6292.755
59     -6293.474
60     -6294.202
61     -6285.057
62     -6289.218
63     -6289.726
64     -6287.506
65     -6289.317
66     -6289.462
67     -6294.634
68     -6286.366
69     -6285.511
70     -6285.906
71     -6297.289
72     -6290.148
73     -6289.166
74     -6287.823
75     -6289.509
76     -6285.886
77     -6284.610
78     -6291.220
79     -6280.926
80     -6294.332
81     -6289.367
82     -6285.028
83     -6290.298
84     -6290.924
85     -6290.267
86     -6289.826
87     -6289.379
88     -6289.136
89     -6291.938
90     -6287.377
91     -6288.775
92     -6287.169
93     -6285.219
94     -6289.624
95     -6289.702
96     -6290.837
97     -6283.514
98     -6283.089
99     -6287.426
100    -6294.324
101    -6289.835
102    -6284.183
103    -6291.199
104    -6292.015
105    -6287.056
106    -6290.636
107    -6289.846
108    -6289.924
109    -6284.190
110    -6284.894
111    -6285.803
112    -6290.426
113    -6292.752
114    -6285.613
115    -6283.700
116    -6284.300
117    -6289.983
118    -6288.488
119    -6289.943
120    -6290.059
121    -6288.895
122    -6297.742
123    -6285.889
124    -6287.615
125    -6286.050
126    -6286.961
127    -6286.773
128    -6296.018
129    -6292.752
130    -6289.901
131    -6287.278
132    -6290.334
133    -6285.724
134    -6294.451
135    -6285.611
136    -6289.989
137    -6284.714
138    -6294.301
139    -6292.381
140    -6286.354
141    -6286.649
142    -6287.098
143    -6288.724
144    -6295.519
145    -6285.502
146    -6293.285
147    -6285.735
148    -6290.354
149    -6297.430
150    -6289.068
151    -6294.246
152    -6286.841
153    -6291.032
154    -6287.137
155    -6290.471
156    -6289.904
157    -6284.882
158    -6291.334
159    -6284.318
160    -6287.125
161    -6288.834
162    -6291.618
163    -6287.538
164    -6283.246
165    -6290.236
166    -6286.055
167    -6285.685
168    -6285.161
169    -6294.984
170    -6299.328
171    -6286.045
172    -6291.399
173    -6300.350
174    -6291.376
175    -6285.491
176    -6283.956
177    -6285.301
178    -6295.282
179    -6291.914
180    -6287.646
181    -6289.293
182    -6286.439
183    -6289.799
184    -6286.574
185    -6295.560
186    -6289.495
187    -6286.648
188    -6292.505
189    -6288.706
190    -6293.041
191    -6285.850
192    -6293.817
193    -6285.542
194    -6293.574
195    -6298.747
196    -6287.958
197    -6291.616
198    -6290.160
199    -6290.041
200    -6287.531
201    -6288.473
202    -6289.364
203    -6284.893
204    -6288.191
205    -6289.087
206    -6294.508
207    -6283.378
208    -6288.466
209    -6284.838
210    -6286.091
211    -6285.588
212    -6294.240
213    -6286.184
214    -6289.105
215    -6291.818
216    -6290.246
217    -6296.515
218    -6287.488
219    -6290.474
220    -6285.627
221    -6286.873
222    -6286.106
223    -6289.402
224    -6287.155
225    -6291.078
226    -6283.941
227    -6288.017
228    -6291.889
229    -6287.667
230    -6288.270
231    -6288.024
232    -6284.801
233    -6285.498
234    -6292.316
235    -6292.113
236    -6286.824
237    -6293.407
238    -6287.954
239    -6290.492
240    -6288.949
241    -6291.334
242    -6287.256
243    -6284.014
244    -6283.396
245    -6286.446
246    -6288.488
247    -6290.147
248    -6285.821
249    -6286.678
250    -6288.444
251    -6285.673
252    -6294.965
253    -6287.379
254    -6284.685
255    -6294.815
256    -6295.744
257    -6289.809
258    -6293.484
259    -6297.959
260    -6288.938
261    -6289.332
262    -6297.698
263    -6288.505
264    -6286.475
265    -6288.043
266    -6295.499
267    -6286.629
268    -6283.590
269    -6292.923
270    -6287.888
271    -6284.682
272    -6287.042
273    -6285.762
274    -6289.520
275    -6289.369
276    -6292.107
277    -6298.838
278    -6295.376
279    -6293.744
280    -6289.090
281    -6289.440
282    -6284.253
283    -6287.896
284    -6289.906
285    -6284.740
286    -6288.330
287    -6286.536
288    -6289.478
289    -6289.168
290    -6292.722
291    -6287.438
292    -6286.976
293    -6285.901
294    -6290.183
295    -6285.631
296    -6288.168
297    -6289.425
298    -6282.897
299    -6292.362
300    -6288.106
301    -6288.574
302    -6294.843
303    -6295.917
304    -6286.266
305    -6286.546
306    -6292.591
307    -6295.391
308    -6288.218
309    -6288.442
310    -6286.593
311    -6289.581
312    -6288.324
313    -6290.886
314    -6285.614
315    -6286.889
316    -6286.593
317    -6287.938
318    -6284.223
319    -6288.178
320    -6289.250
321    -6284.351
322    -6286.993
323    -6288.707
324    -6286.887
325    -6295.040
326    -6288.275
327    -6290.517
328    -6289.406
329    -6296.426
330    -6288.739
331    -6285.667
332    -6286.166
333    -6290.814
334    -6291.217
335    -6286.171
336    -6288.569
337    -6286.461
338    -6285.707
339    -6287.172
340    -6286.381
341    -6283.381
342    -6302.329
343    -6285.784
344    -6293.125
345    -6286.960
346    -6290.961
347    -6285.751
348    -6288.342
349    -6294.561
350    -6285.809
351    -6288.381
352    -6284.863
353    -6291.297
354    -6287.241
355    -6287.463
356    -6290.510
357    -6286.498
358    -6288.811
359    -6292.127
360    -6292.357
361    -6287.220
362    -6288.143
363    -6292.558
364    -6292.969
365    -6289.967
366    -6288.955
367    -6290.182
368    -6287.599
369    -6288.772
370    -6288.866
371    -6289.466
372    -6291.871
373    -6291.678
374    -6289.532
375    -6292.898
376    -6284.427
377    -6287.861
378    -6286.307
379    -6289.006
380    -6294.933
381    -6290.832
382    -6287.641
383    -6290.564
384    -6288.138
385    -6287.887
386    -6292.011
387    -6285.826
388    -6288.415
389    -6286.975
390    -6285.712
391    -6285.141
392    -6285.107
393    -6290.230
394    -6290.692
395    -6289.007
396    -6282.623
397    -6284.227
398    -6290.561
399    -6287.087
400    -6284.985
401    -6283.781
402    -6301.044
403    -6285.813
404    -6287.619
405    -6290.594
406    -6291.877
407    -6287.112
408    -6292.610
409    -6287.358
410    -6291.635
411    -6287.993
412    -6288.026
413    -6290.952
414    -6287.428
415    -6290.228
416    -6286.438
417    -6290.780
418    -6290.122
419    -6288.458
420    -6288.983
421    -6293.836
422    -6290.221
423    -6293.040
424    -6289.181
425    -6289.501
426    -6293.623
427    -6282.860
428    -6288.197
429    -6293.378
430    -6285.810
431    -6284.534
432    -6294.478
433    -6297.795
434    -6298.009
435    -6289.557
436    -6286.238
437    -6292.394
438    -6292.688
439    -6283.943
440    -6298.366
441    -6288.227
442    -6287.867
443    -6290.948
444    -6283.497
445    -6284.580
446    -6290.426
447    -6287.986
448    -6287.325
449    -6297.029
450    -6287.343
451    -6287.229
452    -6290.931
453    -6290.079
454    -6291.337
455    -6284.271
456    -6287.311
457    -6290.903
458    -6281.890
459    -6290.187
460    -6284.653
461    -6290.916
462    -6287.846
463    -6291.385
464    -6286.181
465    -6287.213
466    -6285.085
467    -6285.997
468    -6289.133
469    -6285.933
470    -6293.781
471    -6291.882
472    -6284.142
473    -6286.069
474    -6288.698
475    -6288.677
476    -6292.505
477    -6297.413
478    -6291.323
479    -6287.702
480    -6287.828
481    -6283.847
482    -6284.821
483    -6297.915
484    -6289.313
485    -6291.724
486    -6290.176
487    -6285.386
488    -6289.645
489    -6289.722
490    -6284.506
491    -6288.705
492    -6285.072
493    -6293.235
494    -6290.658
495    -6288.584
496    -6284.205
497    -6290.670
498    -6287.352
499    -6298.717
500    -6289.992

$sum_log_lik
[1] -6271.587

