[1] "The taxa modelled are:"
 [1] "ASH"            "BEECH"          "BIRCH"          "ELM"            "HEMLOCK"        "MAPLE"         
 [7] "OAK"            "OTHER.CONIFER"  "OTHER.HARDWOOD" "PINE"           "SPRUCE"         "TAMARACK"      

[1] "Summary of posterior parameter vals:"
                 mean          2.5%           50%         97.5%     n_eff      Rhat
phi[1]     57.1798207    46.4283325    56.8451500    67.6614650 249.61765 1.0007494
phi[2]     22.5776473    16.3477125    22.2410500    29.7669725 362.39587 1.0042459
phi[3]    129.6020205   118.4348500   129.4115000   142.5984000 208.50614 0.9984792
phi[4]     52.1807302    45.4758650    52.0871500    59.1040650 281.66516 0.9979650
phi[5]     34.6368693    29.9409350    34.6025500    39.3217175 314.53456 0.9977250
phi[6]     19.9037980    15.4259625    20.0332500    23.1288000 234.95567 0.9981494
phi[7]     46.3780132    41.8933350    46.3130500    51.1212900 185.16098 1.0009640
phi[8]     14.7556148    12.2118575    14.6865500    17.4511450 216.30179 1.0216193
phi[9]     69.9659309    61.6012525    70.0230500    79.0196900 239.82032 1.0010883
phi[10]   164.6287386   150.3869250   164.8920000   178.6243750 178.98711 1.0018763
phi[11]    60.4313216    52.9777300    60.3157000    68.7160675 422.40959 1.0003557
phi[12]     8.5393828     5.7816080     8.8095650    11.3854675  13.64479 1.0025236
psi[1]      0.4363850     0.2339380     0.3798545     1.0027620 161.73302 0.9999831
psi[2]      0.2780696     0.2105629     0.2749245     0.3728277 307.08475 1.0157128
psi[3]      0.1921174     0.1679048     0.1910585     0.2200703 347.12320 0.9981885
psi[4]      0.9150947     0.4222488     0.7969225     1.8383435 111.92109 0.9978424
psi[5]      0.2099397     0.1860460     0.2092770     0.2370443 272.90422 0.9978907
psi[6]      0.6873803     0.2535833     0.5182275     1.9050532  76.06107 1.0148681
psi[7]      0.2021001     0.1851855     0.2023235     0.2217765 286.32605 0.9981993
psi[8]      0.2061915     0.1565714     0.2023500     0.2885572 307.47470 1.0176633
psi[9]      0.3416753     0.2625217     0.3394235     0.4474741 370.09969 1.0023646
psi[10]     0.1571653     0.1438247     0.1572685     0.1728698 322.32842 0.9989484
psi[11]     0.2734643     0.2201438     0.2696715     0.3486367 440.00000 1.0003345
psi[12]     0.6692890     0.1022598     0.4006400     1.8555057  18.63292 1.0013438
gamma       0.1972628     0.1792534     0.1974965     0.2154909 199.15225 0.9978151
lp__    -6278.2705455 -6286.4202500 -6277.9900000 -6272.0352500 107.15644 1.0108599
