
[1] "The taxa modelled are:"
 [1] "ASH"            "BEECH"          "BIRCH"          "ELM"            "HEMLOCK"        "MAPLE"         
 [7] "OAK"            "OTHER.CONIFER"  "OTHER.HARDWOOD" "PINE"           "SPRUCE"         "TAMARACK"      

[1] "Summary of posterior parameter vals:"
                   mean          2.5%          50%        97.5%     n_eff      Rhat
phi[1]     63.669114063  5.260818e+01  63.19955000  76.37784750 274.04851 1.0015281
phi[2]     42.677884821  2.546838e+01  37.72625000 101.91052750 128.69991 1.0179708
phi[3]    175.759468750  1.583675e+02 176.03200000 191.98737500 112.99599 0.9996141
phi[4]     53.539707143  4.622095e+01  53.35590000  61.71265500 247.64875 0.9981285
phi[5]    160.971618304  5.810795e+01 158.77250000 279.78672500 143.25885 0.9998967
phi[6]     22.439157366  1.562972e+01  19.09000000  61.54323500 137.07149 1.0188994
phi[7]     57.690666964  5.182290e+01  57.66725000  63.72442000 154.23334 1.0014256
phi[8]     16.977827455  1.446756e+01  16.83025000  19.69825000  83.36447 0.9981309
phi[9]     94.294396205  8.352800e+01  94.42740000 103.77052500 149.57833 0.9978604
phi[10]   245.109979911  2.131617e+02 244.73500000 285.05387500  86.89697 1.0058799
phi[11]    72.806246429  6.315161e+01  72.61460000  81.30342500 167.33928 0.9978144
phi[12]    50.269347723  1.108036e+01  43.27915000 127.43020000 141.73053 0.9978793
gamma       0.048379900  2.088302e-02   0.04832965   0.07593323 107.56607 0.9984201
log_a[1]   -1.888843397 -3.065380e+00  -1.90735500  -0.70376555 185.33930 0.9982979
log_a[2]   -5.391113527 -6.880340e+00  -5.37653000  -3.85054500 135.44124 1.0007841
log_a[3]   -4.196778393 -4.833295e+00  -4.18194500  -3.62905025 166.69727 1.0015010
log_a[4]   -2.091304795 -3.024385e+00  -2.11898000  -1.13522925 296.30398 0.9978366
log_a[5]   -6.844013304 -7.375426e+00  -6.93617000  -5.87808850 130.52773 1.0009071
log_a[6]   -4.265339721 -6.939345e+00  -4.50580500  -1.31237700 210.96273 1.0195636
log_a[7]   -3.988453571 -4.517824e+00  -3.97913000  -3.47819350 157.07363 0.9979128
log_a[8]   -3.825733214 -4.878005e+00  -3.81206500  -2.85222575 448.00000 1.0002266
log_a[9]   -1.554467051 -2.162754e+00  -1.55322500  -0.97245993 295.34061 0.9977750
log_a[10]  -5.345017254 -5.900787e+00  -5.33805000  -4.83826200 120.70543 1.0050122
log_a[11]  -4.113740848 -4.941396e+00  -4.10326000  -3.32976850 288.88964 0.9979208
log_a[12]  -7.190091473 -8.045411e+00  -7.23706500  -5.90769600 129.51785 0.9981422
log_b[1]    0.713944824  6.949117e-01   0.70964250   0.75979945 127.70150 0.9977660
log_b[2]    0.714460103  6.953980e-01   0.70863900   0.76212210 137.33428 1.0010772
log_b[3]    0.711496775  6.952389e-01   0.70711900   0.75178547 156.52636 0.9984653
log_b[4]    0.713325545  6.956765e-01   0.70931300   0.75505860 132.48622 0.9982450
log_b[5]    0.711952496  6.950077e-01   0.70810150   0.74796010 122.33763 0.9982167
log_b[6]    0.713822150  6.955430e-01   0.70860100   0.76384780 154.32311 0.9986368
log_b[7]    0.714782002  6.951918e-01   0.70919950   0.76101900 113.83589 0.9978235
log_b[8]    0.714032426  6.951875e-01   0.70855050   0.75872205 146.49922 0.9979642
log_b[9]    0.714480228  6.950815e-01   0.70871400   0.76573697 138.26912 0.9984931
log_b[10]   0.710033821  6.949753e-01   0.70661700   0.74339398 147.62237 1.0011996
log_b[11]   0.713648306  6.951462e-01   0.70874800   0.75559123 177.53960 0.9978376
log_b[12]   0.716024165  6.961790e-01   0.71096850   0.76010183 134.91675 0.9977954
mu_a       -4.306270312 -5.630183e+00  -4.29241000  -3.01358075 206.58466 0.9979861
sigma_a     2.050138192  1.297990e+00   1.97875000   3.33375900 268.18625 1.0001776
mu_b        0.713565241  6.962845e-01   0.71025200   0.74334583  99.61680 0.9980650
sigma_b     0.009571396  8.035222e-04   0.00695109   0.03034044  76.49460 1.0010777

[1] "WAIC:"
$waic
[1] 12309.45

$p_waic
[1] 37.65932

$lppd
[1] -6117.068

$p_waic_1
[1] 37.54213

[1] "AIC:"
[1] 12316.14

[1] "Log likelihood"
$log_lik
      log_lik
1   -13.90246
2   -25.88721
3   -34.91531
4   -23.90059
5   -25.08391
6   -21.87620
7   -31.29724
8   -18.80055
9   -21.74977
10  -29.81866
11  -23.16028
12  -28.86885
13  -27.06059
14  -25.12209
15  -29.90071
16  -26.81652
17  -27.73038
18  -26.99872
19  -39.80406
20  -26.76533
21  -27.93847
22  -25.68869
23  -34.23539
24  -26.32673
25  -21.58405
26  -29.48893
27  -25.55428
28  -25.92466
29  -39.54948
30  -23.98490
31  -38.77319
32  -33.75324
33  -29.25087
34  -29.94914
35  -26.02974
36  -23.07936
37  -22.54120
38  -29.62996
39  -28.52485
40  -22.70313
41  -20.59065
42  -52.23979
43  -24.33137
44  -35.72565
45  -29.50191
46  -47.13415
47  -26.19975
48  -19.28417
49  -38.09748
50  -27.58811
51  -25.20234
52  -21.81521
53  -34.86858
54  -38.34684
55  -29.15114
56  -26.67246
57  -22.37198
58  -35.67360
59  -22.27307
60  -30.30319
61  -33.59831
62  -32.40841
63  -26.20399
64  -23.20299
65  -30.01233
66  -36.60372
67  -29.80043
68  -24.84520
69  -40.12691
70  -27.51135
71  -30.60355
72  -25.76850
73  -21.66517
74  -30.81435
75  -24.64080
76  -23.95779
77  -32.00460
78  -30.20105
79  -41.06735
80  -34.20929
81  -45.63718
82  -22.37391
83  -30.78606
84  -29.86440
85  -29.16142
86  -37.93794
87  -37.69429
88  -30.66116
89  -27.51845
90  -23.41278
91  -22.36618
92  -27.71846
93  -23.73771
94  -25.92863
95  -25.44184
96  -36.64010
97  -22.00630
98  -21.31732
99  -43.41059
100 -30.17292
101 -26.88995
102 -23.50812
103 -27.11782
104 -26.47553
105 -23.84287
106 -25.25479
107 -32.11381
108 -26.02514
109 -34.50997
110 -27.67000
111 -26.92069
112 -29.39033
113 -32.71256
114 -24.31584
115 -27.61506
116 -31.65861
117 -39.67038
118 -28.90932
119 -46.87531
120 -28.11367
121 -32.10559
122 -33.70501
123 -20.90508
124 -37.33909
125 -25.08857
126 -41.89422
127 -25.25448
128 -29.23788
129 -38.23894
130 -28.50092
131 -27.66263
132 -32.36071
133 -63.77009
134 -38.60623
135 -23.86770
136 -24.13213
137 -27.41385
138 -29.38359
139 -27.10659
140 -29.24688
141 -24.72136
142 -28.92536
143 -36.88610
144 -18.64520
145 -23.01040
146 -32.66034
147 -33.84384
148 -36.46608
149 -31.38439
150 -38.16063
151 -31.28511
152 -20.02816
153 -38.44047
154 -29.96702
155 -34.70616
156 -29.11709
157 -32.35497
158 -21.70488
159 -27.02038
160 -22.91475
161 -22.55809
162 -28.45773
163 -26.55373
164 -29.68384
165 -25.77061
166 -25.83806
167 -28.63764
168 -25.60576
169 -32.85102
170 -25.73878
171 -38.82096
172 -23.93739
173 -31.93967
174 -22.11066
175 -30.14334
176 -35.83794
177 -29.02569
178 -26.21423
179 -26.77566
180 -25.11155
181 -26.90880
182 -26.25060
183 -26.49226
184 -23.17685
185 -33.19453
186 -31.04222
187 -30.16230
188 -32.32036
189 -28.47447
190 -32.47888
191 -33.62863
192 -26.22525
193 -31.89184
194 -36.40757
195 -38.05897
196 -37.17343
197 -34.66303
198 -38.22944
199 -33.69706
200 -43.04579
201 -30.63104
202 -35.37056
203 -29.72325
204 -33.77509
205 -36.80543
206 -33.60065

$log_lik_iter
    log_lik_iter
1      -6131.906
2      -6138.601
3      -6133.331
4      -6131.892
5      -6135.279
6      -6141.619
7      -6138.178
8      -6136.414
9      -6137.014
10     -6143.162
11     -6139.512
12     -6136.858
13     -6131.018
14     -6130.405
15     -6133.650
16     -6142.726
17     -6140.106
18     -6143.227
19     -6132.702
20     -6134.307
21     -6141.524
22     -6139.463
23     -6135.668
24     -6129.889
25     -6133.841
26     -6132.148
27     -6131.444
28     -6138.082
29     -6140.714
30     -6132.617
31     -6131.498
32     -6140.825
33     -6134.834
34     -6134.657
35     -6136.751
36     -6134.950
37     -6131.257
38     -6136.433
39     -6135.065
40     -6135.781
41     -6132.806
42     -6133.775
43     -6132.503
44     -6129.226
45     -6137.669
46     -6144.168
47     -6136.647
48     -6138.179
49     -6126.663
50     -6134.306
51     -6136.072
52     -6133.462
53     -6130.180
54     -6136.502
55     -6136.988
56     -6138.891
57     -6139.978
58     -6134.618
59     -6138.878
60     -6137.023
61     -6128.302
62     -6142.530
63     -6132.918
64     -6132.808
65     -6131.968
66     -6128.785
67     -6137.299
68     -6134.630
69     -6139.341
70     -6138.767
71     -6133.088
72     -6129.530
73     -6135.722
74     -6137.416
75     -6132.781
76     -6133.240
77     -6135.983
78     -6136.429
79     -6138.202
80     -6141.815
81     -6136.856
82     -6137.703
83     -6137.699
84     -6135.867
85     -6146.611
86     -6133.372
87     -6137.058
88     -6137.097
89     -6141.195
90     -6136.255
91     -6138.611
92     -6135.510
93     -6135.490
94     -6141.051
95     -6139.916
96     -6134.550
97     -6138.696
98     -6134.082
99     -6130.191
100    -6134.420
101    -6137.648
102    -6134.311
103    -6139.173
104    -6130.251
105    -6135.292
106    -6134.041
107    -6127.511
108    -6134.182
109    -6135.114
110    -6131.332
111    -6135.900
112    -6132.289
113    -6132.812
114    -6137.893
115    -6129.462
116    -6136.165
117    -6133.547
118    -6131.960
119    -6132.820
120    -6130.060
121    -6149.544
122    -6130.607
123    -6132.609
124    -6136.562
125    -6134.753
126    -6142.149
127    -6139.408
128    -6135.440
129    -6132.179
130    -6136.081
131    -6141.500
132    -6133.389
133    -6139.018
134    -6129.128
135    -6136.385
136    -6137.538
137    -6136.465
138    -6139.124
139    -6128.326
140    -6144.969
141    -6135.828
142    -6131.019
143    -6134.572
144    -6129.136
145    -6140.026
146    -6133.311
147    -6130.331
148    -6140.932
149    -6132.115
150    -6133.742
151    -6133.812
152    -6133.274
153    -6129.234
154    -6139.279
155    -6137.050
156    -6136.881
157    -6130.984
158    -6136.545
159    -6137.751
160    -6146.626
161    -6133.135
162    -6136.315
163    -6135.015
164    -6134.796
165    -6129.405
166    -6137.611
167    -6134.841
168    -6139.942
169    -6135.989
170    -6130.582
171    -6137.896
172    -6141.416
173    -6130.661
174    -6137.521
175    -6132.102
176    -6134.477
177    -6140.916
178    -6130.897
179    -6137.622
180    -6135.980
181    -6135.761
182    -6137.719
183    -6137.519
184    -6131.412
185    -6132.975
186    -6127.983
187    -6137.069
188    -6140.003
189    -6131.225
190    -6142.477
191    -6134.165
192    -6137.071
193    -6131.261
194    -6131.123
195    -6139.521
196    -6136.379
197    -6137.746
198    -6136.764
199    -6141.301
200    -6135.435
201    -6134.720
202    -6135.280
203    -6132.791
204    -6132.672
205    -6128.551
206    -6131.167
207    -6132.505
208    -6139.332
209    -6143.018
210    -6136.340
211    -6131.946
212    -6133.639
213    -6140.024
214    -6133.711
215    -6134.241
216    -6132.878
217    -6136.880
218    -6136.619
219    -6129.279
220    -6133.150
221    -6130.432
222    -6134.660
223    -6137.471
224    -6135.344
225    -6134.622
226    -6131.026
227    -6137.372
228    -6139.676
229    -6133.745
230    -6133.854
231    -6132.411
232    -6132.114
233    -6135.811
234    -6133.519
235    -6142.707
236    -6140.952
237    -6136.816
238    -6139.828
239    -6141.825
240    -6140.933
241    -6137.039
242    -6131.247
243    -6134.807
244    -6130.323
245    -6135.593
246    -6137.287
247    -6134.282
248    -6131.415
249    -6139.255
250    -6140.677
251    -6137.304
252    -6138.913
253    -6139.344
254    -6132.720
255    -6140.064
256    -6136.821
257    -6136.511
258    -6146.559
259    -6140.620
260    -6135.543
261    -6135.383
262    -6133.447
263    -6130.381
264    -6138.401
265    -6129.578
266    -6133.906
267    -6131.984
268    -6133.345
269    -6143.827
270    -6135.456
271    -6143.473
272    -6141.580
273    -6143.838
274    -6135.277
275    -6134.634
276    -6135.649
277    -6137.605
278    -6131.554
279    -6138.130
280    -6132.626
281    -6134.979
282    -6129.582
283    -6143.960
284    -6134.093
285    -6134.238
286    -6129.803
287    -6130.789
288    -6142.347
289    -6138.479
290    -6135.654
291    -6134.427
292    -6133.045
293    -6144.347
294    -6134.935
295    -6134.895
296    -6134.590
297    -6133.142
298    -6138.275
299    -6133.719
300    -6137.651
301    -6141.412
302    -6137.421
303    -6137.445
304    -6133.510
305    -6135.244
306    -6137.773
307    -6131.566
308    -6134.482
309    -6136.443
310    -6132.384
311    -6137.427
312    -6135.300
313    -6135.806
314    -6138.432
315    -6131.499
316    -6140.521
317    -6139.219
318    -6140.589
319    -6135.745
320    -6136.965
321    -6135.905
322    -6135.711
323    -6137.013
324    -6140.263
325    -6134.983
326    -6141.789
327    -6138.327
328    -6134.202
329    -6132.773
330    -6131.722
331    -6133.695
332    -6131.570
333    -6129.917
334    -6140.328
335    -6136.336
336    -6139.774
337    -6135.939
338    -6134.033
339    -6137.315
340    -6142.530
341    -6135.872
342    -6134.310
343    -6129.887
344    -6135.980
345    -6137.542
346    -6135.597
347    -6129.778
348    -6130.823
349    -6135.826
350    -6134.713
351    -6140.693
352    -6133.202
353    -6133.313
354    -6135.370
355    -6137.530
356    -6131.443
357    -6139.329
358    -6142.454
359    -6138.331
360    -6139.331
361    -6137.706
362    -6139.658
363    -6140.931
364    -6136.381
365    -6139.860
366    -6137.912
367    -6133.393
368    -6130.499
369    -6131.698
370    -6132.654
371    -6133.365
372    -6133.290
373    -6136.343
374    -6136.971
375    -6143.621
376    -6131.480
377    -6130.151
378    -6143.417
379    -6135.807
380    -6136.484
381    -6129.990
382    -6135.587
383    -6131.971
384    -6135.727
385    -6138.047
386    -6136.858
387    -6143.750
388    -6140.448
389    -6134.963
390    -6131.886
391    -6132.515
392    -6135.297
393    -6133.320
394    -6145.813
395    -6133.241
396    -6140.001
397    -6133.418
398    -6133.333
399    -6141.338
400    -6132.973
401    -6140.708
402    -6137.881
403    -6134.528
404    -6137.817
405    -6137.999
406    -6137.445
407    -6136.009
408    -6134.948
409    -6131.103
410    -6134.080
411    -6131.676
412    -6142.090
413    -6129.786
414    -6131.326
415    -6132.216
416    -6135.301
417    -6132.606
418    -6139.153
419    -6134.406
420    -6137.235
421    -6140.275
422    -6139.801
423    -6131.832
424    -6139.591
425    -6130.905
426    -6134.503
427    -6133.918
428    -6137.687
429    -6133.968
430    -6132.584
431    -6135.921
432    -6138.936
433    -6142.182
434    -6136.873
435    -6134.487
436    -6135.951
437    -6134.659
438    -6143.576
439    -6136.162
440    -6136.755
441    -6131.918
442    -6145.194
443    -6142.052
444    -6135.915
445    -6131.002
446    -6136.748
447    -6137.423
448    -6143.777

$sum_log_lik
[1] -6117.068

