[1] "cal_g_Kpsi_Kgamma_EPs_ALL_v0.3"

[1] "The taxa modelled are:"
 [1] "ASH"            "BEECH"          "BIRCH"          "ELM"            "HEMLOCK"        "MAPLE"         
 [7] "OAK"            "OTHER.CONIFER"  "OTHER.HARDWOOD" "PINE"           "SPRUCE"         "TAMARACK"      

[1] "Summary of posterior parameter vals:"
                    mean          2.5%          50%       97.5%    n_eff      Rhat
phi[1]       49.14160960  41.774795000  49.08525000  56.7251550 182.2932 1.0013377
phi[2]       17.91393460  13.027017500  17.63635000  23.9888225 315.6624 0.9987187
phi[3]      142.96984800 128.744975000 143.35950000 156.4060750 135.6208 0.9987907
phi[4]       55.24787700  48.256195000  55.06790000  62.5380650 290.0127 0.9981071
phi[5]       49.91405320  42.363592500  49.96350000  56.6254050 381.7903 0.9980227
phi[6]       18.21766040  14.812777500  18.14825000  21.6111750 422.2129 1.0003151
phi[7]       51.55866240  46.831087500  51.68885000  56.5045250 145.8702 0.9981209
phi[8]       13.04230060  10.894960000  13.02755000  15.3068550 500.0000 0.9981353
phi[9]       75.75796300  66.632482500  75.85595000  84.2629750 209.7995 0.9980761
phi[10]     209.68170200 189.527700000 210.46400000 227.9299000 134.6080 0.9982137
phi[11]      46.41547240  41.046722500  46.25705000  52.4118750 232.6991 1.0002804
phi[12]       6.12655738   4.824016500   6.05127000   7.5493670 500.0000 1.0087900
log_psi[1]   -1.22933251  -1.514282250  -1.22749500  -0.9516593 302.3428 1.0006183
log_psi[2]   -1.37945151  -1.624861500  -1.38178000  -1.0902085 356.5108 0.9994751
log_psi[3]   -1.85595822  -1.973640250  -1.85682500  -1.7265348 500.0000 0.9983188
log_psi[4]   -1.03229722  -1.312870500  -1.04201000  -0.7036934 419.5840 0.9982096
log_psi[5]   -1.51944376  -1.647943250  -1.52041000  -1.3627312 490.0288 0.9985534
log_psi[6]   -1.36107139  -1.824066750  -1.36926500  -0.8233815 338.5741 0.9988408
log_psi[7]   -1.53516008  -1.637427250  -1.53661500  -1.4221863 478.3306 0.9980004
log_psi[8]   -1.68103174  -1.932117250  -1.68299500  -1.4227998 416.7650 1.0002467
log_psi[9]   -1.01838299  -1.170277250  -1.02227500  -0.8406748 398.5415 0.9980041
log_psi[10]  -1.88356154  -1.977749250  -1.88475000  -1.7903475 500.0000 1.0004283
log_psi[11]  -1.34756456  -1.534238500  -1.34939500  -1.1584585 500.0000 1.0015777
log_psi[12]  -1.47069726  -2.058681500  -1.51812500  -0.5931633 491.8817 1.0148296
gamma[1]      0.06457275   0.008706201   0.05901685   0.1544036 246.1027 1.0097179
gamma[2]      0.31049592   0.128411950   0.30659000   0.5215823 324.5787 1.0022670
gamma[3]      0.10065873   0.046865153   0.10111150   0.1572925 500.0000 0.9981586
gamma[4]      0.14702937   0.074489897   0.14587650   0.2198552 500.0000 0.9987796
gamma[5]      0.46199997   0.373848025   0.46260550   0.5552036 317.3978 0.9982617
gamma[6]      0.18446989   0.098860105   0.18249650   0.2842855 415.0502 0.9980628
gamma[7]      0.24220361   0.175911900   0.24476700   0.3045105 500.0000 1.0007711
gamma[8]      0.08852988   0.013839998   0.08249210   0.1912656 500.0000 0.9979981
gamma[9]      0.04632023   0.011516225   0.04533440   0.0887777 253.5690 0.9983080
gamma[10]     0.24580251   0.212675175   0.24582000   0.2802135 328.1866 0.9988123
gamma[11]     0.23467037   0.132907175   0.23747350   0.3357063 397.0203 1.0078394
gamma[12]     0.43819769   0.233770175   0.43669300   0.6482613 500.0000 0.9995463
mu_psi       -1.44362732  -1.657944500  -1.44519500  -1.2153050 500.0000 1.0008034
sigma_psi     0.35508852   0.210931975   0.33824600   0.6029941 330.6051 0.9986950
mu_gamma     -1.48342004  -1.936608250  -1.51008000  -0.8744860 349.5522 0.9983813
sigma_gamma   1.14812302   0.657823300   1.08537500   1.9838287 168.2005 1.0042311

[1] "WAIC:"
$waic
[1] 12953.11

$p_waic
[1] 43.87087

$lppd
[1] -6432.682

$p_waic_1
[1] 42.9501

[1] "AIC:"
[1] 12945.36

[1] "Log likelihood"
$log_lik
      log_lik
1   -14.94497
2   -25.74738
3   -41.64596
4   -23.24207
5   -26.43034
6   -22.12489
7   -32.12487
8   -19.02625
9   -21.37791
10  -28.97601
11  -23.57738
12  -28.73933
13  -27.96337
14  -25.51836
15  -28.15026
16  -28.58864
17  -27.79727
18  -27.80886
19  -38.95334
20  -27.54808
21  -28.09344
22  -26.26373
23  -32.66539
24  -27.36284
25  -21.48756
26  -27.91719
27  -26.01937
28  -25.54538
29  -34.93054
30  -32.89792
31  -24.13180
32  -47.38614
33  -32.05324
34  -52.15363
35  -34.92865
36  -30.97235
37  -26.66534
38  -23.33371
39  -24.15430
40  -30.39657
41  -27.92571
42  -23.17552
43  -20.64407
44  -41.13883
45  -24.44096
46  -36.33529
47  -31.35286
48  -40.02023
49  -23.53395
50  -27.05323
51  -19.26561
52  -38.94417
53  -27.67654
54  -25.05376
55  -22.34096
56  -34.48794
57  -38.46227
58  -27.28507
59  -27.84949
60  -22.99892
61  -32.97606
62  -23.01244
63  -32.31292
64  -32.11971
65  -30.93814
66  -33.58354
67  -25.90588
68  -22.65848
69  -31.80366
70  -37.02783
71  -26.31271
72  -24.03015
73  -39.52597
74  -28.18658
75  -35.48600
76  -31.30082
77  -27.17244
78  -22.02028
79  -30.36110
80  -23.68372
81  -25.27856
82  -37.21749
83  -29.24606
84  -43.06130
85  -34.81862
86  -46.48570
87  -21.14638
88  -27.06536
89  -29.44462
90  -30.42954
91  -39.16842
92  -39.80963
93  -29.64201
94  -29.06683
95  -24.06382
96  -22.33042
97  -28.18380
98  -25.16860
99  -26.27011
100 -25.75171
101 -38.78935
102 -22.40087
103 -21.61477
104 -33.90938
105 -32.03725
106 -27.08538
107 -22.53082
108 -29.32278
109 -27.54955
110 -24.00366
111 -25.15688
112 -33.53897
113 -26.53804
114 -37.91150
115 -30.05265
116 -27.94071
117 -32.41254
118 -28.88703
119 -24.22356
120 -29.47926
121 -32.25452
122 -43.94978
123 -29.23157
124 -49.24501
125 -28.28641
126 -30.95543
127 -34.30931
128 -20.68653
129 -34.48538
130 -27.10159
131 -40.11227
132 -31.74714
133 -30.37080
134 -37.92511
135 -28.97493
136 -26.92546
137 -31.88561
138 -63.18031
139 -34.20529
140 -22.80833
141 -23.86247
142 -27.06096
143 -30.40983
144 -27.33491
145 -29.93450
146 -25.92611
147 -28.63338
148 -52.13207
149 -37.08062
150 -18.96088
151 -23.06152
152 -36.72353
153 -28.06972
154 -36.64163
155 -38.85166
156 -31.71302
157 -39.79448
158 -32.52454
159 -20.81437
160 -37.70615
161 -30.03938
162 -34.62445
163 -27.45660
164 -31.91061
165 -21.14598
166 -27.22142
167 -23.96863
168 -22.53655
169 -31.50970
170 -26.11376
171 -28.90122
172 -25.57179
173 -26.11210
174 -28.26594
175 -25.90451
176 -33.18568
177 -25.90225
178 -39.41305
179 -23.21002
180 -33.33029
181 -21.43655
182 -30.43781
183 -34.35079
184 -28.96565
185 -27.83720
186 -25.85509
187 -25.42849
188 -27.25294
189 -27.05700
190 -27.94460
191 -23.22919
192 -33.35753
193 -31.80090
194 -30.23830
195 -33.06452
196 -29.42629
197 -33.05715
198 -35.15814
199 -26.33202
200 -31.67703
201 -36.22273
202 -38.56337
203 -37.82472
204 -34.62499
205 -43.67790
206 -34.61089
207 -42.86806
208 -31.10730
209 -36.65220
210 -30.69174
211 -31.73143
212 -34.09260
213 -34.82344

$log_lik_iter
    log_lik_iter
1      -6455.855
2      -6453.576
3      -6459.703
4      -6458.638
5      -6455.392
6      -6447.985
7      -6450.237
8      -6457.166
9      -6454.098
10     -6462.737
11     -6454.333
12     -6455.837
13     -6453.583
14     -6448.914
15     -6457.119
16     -6452.564
17     -6454.940
18     -6461.166
19     -6460.258
20     -6455.445
21     -6446.592
22     -6450.298
23     -6456.876
24     -6457.430
25     -6452.493
26     -6457.533
27     -6460.525
28     -6465.445
29     -6447.142
30     -6457.150
31     -6455.929
32     -6450.840
33     -6460.441
34     -6451.885
35     -6455.295
36     -6448.060
37     -6453.876
38     -6457.731
39     -6462.223
40     -6453.459
41     -6453.937
42     -6449.482
43     -6455.397
44     -6449.092
45     -6449.955
46     -6453.786
47     -6449.848
48     -6458.341
49     -6457.249
50     -6461.745
51     -6450.921
52     -6450.449
53     -6456.121
54     -6452.138
55     -6449.131
56     -6448.249
57     -6455.335
58     -6459.619
59     -6451.796
60     -6453.609
61     -6457.810
62     -6451.773
63     -6449.337
64     -6452.129
65     -6455.796
66     -6447.408
67     -6452.386
68     -6454.539
69     -6452.117
70     -6454.609
71     -6456.855
72     -6453.665
73     -6448.224
74     -6453.888
75     -6459.087
76     -6456.745
77     -6448.081
78     -6461.649
79     -6452.438
80     -6458.204
81     -6450.794
82     -6449.009
83     -6446.919
84     -6457.583
85     -6455.813
86     -6461.616
87     -6455.053
88     -6448.647
89     -6451.301
90     -6454.340
91     -6456.984
92     -6457.519
93     -6449.237
94     -6453.345
95     -6450.548
96     -6449.980
97     -6457.294
98     -6452.583
99     -6456.177
100    -6460.263
101    -6453.306
102    -6452.271
103    -6457.314
104    -6453.313
105    -6460.631
106    -6449.549
107    -6455.569
108    -6451.869
109    -6452.718
110    -6451.797
111    -6460.853
112    -6453.082
113    -6451.542
114    -6461.107
115    -6453.165
116    -6462.323
117    -6458.107
118    -6454.669
119    -6452.359
120    -6448.587
121    -6454.185
122    -6454.659
123    -6456.602
124    -6454.453
125    -6449.878
126    -6456.492
127    -6454.568
128    -6454.779
129    -6449.580
130    -6460.362
131    -6451.283
132    -6454.703
133    -6455.635
134    -6458.912
135    -6461.281
136    -6454.475
137    -6453.970
138    -6455.119
139    -6448.502
140    -6463.188
141    -6453.369
142    -6451.048
143    -6444.430
144    -6451.579
145    -6451.537
146    -6465.463
147    -6460.127
148    -6452.839
149    -6453.370
150    -6454.545
151    -6448.108
152    -6452.220
153    -6451.717
154    -6455.037
155    -6450.510
156    -6458.021
157    -6450.260
158    -6451.595
159    -6447.385
160    -6462.120
161    -6454.260
162    -6454.362
163    -6458.224
164    -6468.868
165    -6452.006
166    -6455.727
167    -6448.527
168    -6456.198
169    -6459.626
170    -6452.617
171    -6447.213
172    -6463.770
173    -6456.462
174    -6449.082
175    -6447.671
176    -6451.831
177    -6454.584
178    -6452.706
179    -6447.391
180    -6450.407
181    -6456.046
182    -6449.609
183    -6449.754
184    -6453.641
185    -6454.722
186    -6456.749
187    -6453.323
188    -6452.175
189    -6451.885
190    -6457.844
191    -6454.261
192    -6453.897
193    -6446.723
194    -6451.253
195    -6452.255
196    -6458.339
197    -6453.183
198    -6452.413
199    -6449.411
200    -6462.437
201    -6451.477
202    -6457.142
203    -6454.815
204    -6451.715
205    -6457.102
206    -6455.345
207    -6457.790
208    -6452.091
209    -6450.760
210    -6456.305
211    -6447.440
212    -6452.689
213    -6448.039
214    -6455.315
215    -6457.252
216    -6452.728
217    -6454.251
218    -6450.787
219    -6449.878
220    -6447.169
221    -6451.526
222    -6456.021
223    -6458.551
224    -6452.330
225    -6454.045
226    -6453.121
227    -6453.472
228    -6457.145
229    -6450.097
230    -6450.880
231    -6454.891
232    -6456.743
233    -6455.780
234    -6457.541
235    -6452.381
236    -6452.318
237    -6454.809
238    -6449.690
239    -6455.674
240    -6457.261
241    -6459.535
242    -6464.068
243    -6454.818
244    -6445.975
245    -6448.511
246    -6456.940
247    -6450.657
248    -6456.678
249    -6451.979
250    -6454.691
251    -6456.806
252    -6451.473
253    -6453.605
254    -6459.932
255    -6458.628
256    -6457.325
257    -6466.498
258    -6452.962
259    -6450.998
260    -6451.267
261    -6450.965
262    -6452.564
263    -6459.688
264    -6460.181
265    -6459.595
266    -6452.735
267    -6450.130
268    -6454.108
269    -6466.252
270    -6451.698
271    -6460.057
272    -6455.390
273    -6452.815
274    -6446.480
275    -6449.549
276    -6451.000
277    -6457.406
278    -6459.723
279    -6466.727
280    -6450.671
281    -6454.273
282    -6461.297
283    -6452.546
284    -6452.299
285    -6454.596
286    -6448.678
287    -6447.181
288    -6455.263
289    -6454.843
290    -6453.889
291    -6451.399
292    -6454.988
293    -6457.694
294    -6446.589
295    -6453.342
296    -6454.025
297    -6448.622
298    -6451.345
299    -6450.522
300    -6451.201
301    -6454.687
302    -6455.536
303    -6461.396
304    -6453.677
305    -6454.358
306    -6448.909
307    -6449.755
308    -6451.786
309    -6458.691
310    -6456.830
311    -6460.457
312    -6456.448
313    -6451.926
314    -6457.107
315    -6457.833
316    -6455.407
317    -6460.891
318    -6454.791
319    -6452.647
320    -6450.393
321    -6468.143
322    -6455.254
323    -6447.986
324    -6450.238
325    -6450.958
326    -6452.566
327    -6456.886
328    -6454.514
329    -6453.601
330    -6455.461
331    -6456.009
332    -6451.020
333    -6453.457
334    -6453.038
335    -6446.859
336    -6447.383
337    -6453.114
338    -6458.564
339    -6452.962
340    -6461.725
341    -6447.120
342    -6457.316
343    -6451.556
344    -6455.296
345    -6449.510
346    -6449.574
347    -6449.721
348    -6456.824
349    -6453.790
350    -6451.191
351    -6453.293
352    -6451.739
353    -6458.505
354    -6457.252
355    -6463.750
356    -6448.604
357    -6449.831
358    -6454.939
359    -6453.883
360    -6453.784
361    -6449.071
362    -6451.798
363    -6448.632
364    -6453.130
365    -6462.859
366    -6464.931
367    -6450.200
368    -6459.707
369    -6452.713
370    -6462.819
371    -6453.430
372    -6457.123
373    -6449.738
374    -6454.694
375    -6449.074
376    -6458.454
377    -6455.562
378    -6463.965
379    -6451.638
380    -6455.200
381    -6454.714
382    -6454.686
383    -6452.941
384    -6457.779
385    -6445.532
386    -6455.659
387    -6456.626
388    -6447.397
389    -6460.545
390    -6454.302
391    -6458.904
392    -6456.105
393    -6452.451
394    -6450.659
395    -6456.114
396    -6453.793
397    -6449.164
398    -6457.869
399    -6460.981
400    -6458.202
401    -6452.503
402    -6461.384
403    -6453.953
404    -6456.214
405    -6451.629
406    -6457.237
407    -6448.580
408    -6451.212
409    -6450.697
410    -6457.474
411    -6451.447
412    -6448.529
413    -6452.284
414    -6462.581
415    -6452.805
416    -6452.386
417    -6452.782
418    -6449.263
419    -6454.680
420    -6454.201
421    -6450.917
422    -6456.117
423    -6456.993
424    -6456.720
425    -6453.916
426    -6455.507
427    -6449.600
428    -6459.179
429    -6451.453
430    -6453.302
431    -6451.705
432    -6450.783
433    -6451.121
434    -6450.659
435    -6451.106
436    -6446.168
437    -6453.881
438    -6452.265
439    -6452.878
440    -6449.038
441    -6447.448
442    -6454.796
443    -6453.268
444    -6457.540
445    -6458.101
446    -6454.543
447    -6453.072
448    -6457.164
449    -6450.702
450    -6450.670
451    -6450.474
452    -6459.115
453    -6458.965
454    -6451.112
455    -6461.386
456    -6450.959
457    -6456.836
458    -6450.473
459    -6454.078
460    -6464.646
461    -6454.535
462    -6450.646
463    -6450.992
464    -6446.592
465    -6449.563
466    -6455.695
467    -6448.121
468    -6447.990
469    -6455.588
470    -6460.168
471    -6449.395
472    -6454.611
473    -6454.159
474    -6462.074
475    -6458.621
476    -6451.822
477    -6453.978
478    -6461.569
479    -6462.562
480    -6457.225
481    -6450.956
482    -6444.430
483    -6451.767
484    -6458.935
485    -6449.139
486    -6457.961
487    -6457.457
488    -6451.666
489    -6457.699
490    -6456.076
491    -6454.058
492    -6450.806
493    -6454.261
494    -6455.279
495    -6452.904
496    -6454.427
497    -6452.699
498    -6451.493
499    -6455.625
500    -6452.294

$sum_log_lik
[1] -6432.682

