[1] "The taxa modelled are:"
 [1] "ASH"            "BEECH"          "BIRCH"          "ELM"            "HEMLOCK"        "MAPLE"         
 [7] "OAK"            "OTHER.CONIFER"  "OTHER.HARDWOOD" "PINE"           "SPRUCE"         "TAMARACK"      

[1] "Summary of posterior parameter vals:"
                mean         2.5%          50%        97.5%     n_eff      Rhat
phi[1]   54.58522233  48.37548500  54.52490000  61.34814250 300.00000 1.0035475
phi[2]   30.84632000  22.33160000  30.90940000  40.40037750 123.91072 0.9977588
phi[3]  160.33810667 148.55172500 160.31450000 174.29477500 165.11265 0.9990359
phi[4]   46.23040133  40.44732750  46.25610000  51.72863000 300.00000 0.9970864
phi[5]   39.80656233  34.65426250  39.66545000  45.66626250 300.00000 0.9973632
phi[6]   16.90943000  14.76847000  16.82875000  19.13758500 300.00000 0.9983426
phi[7]   57.53577467  52.47606000  57.59425000  62.12486750 168.80716 0.9967028
phi[8]   16.32983533  14.09505750  16.35630000  19.07929250 300.00000 1.0005113
phi[9]   72.19385533  65.88413250  72.03960000  78.93239250 131.52285 0.9981013
phi[10] 218.73519667 201.92787500 218.44300000 235.92977500 138.46598 0.9982219
phi[11]  67.23780433  59.18240750  67.39970000  74.52294750 300.00000 0.9966690
phi[12]   8.39500423   7.12885200   8.34192500   9.83188950 257.08386 0.9997771
gamma     0.07337572   0.04037803   0.07490355   0.10342322  82.09091 1.0044847
a         0.01446661   0.01044411   0.01421105   0.02101363  47.47674 1.0232392
b         2.02044687   2.00042950   2.01193000   2.08741425  18.96367 1.0732198
