
[1] "The taxa modelled are:"
 [1] "ASH"            "BEECH"          "BIRCH"          "ELM"            "HEMLOCK"        "MAPLE"         
 [7] "OAK"            "OTHER.CONIFER"  "OTHER.HARDWOOD" "PINE"           "SPRUCE"         "TAMARACK"      

[1] "Summary of posterior parameter vals:"
                    mean          2.5%          50%        97.5%     n_eff      Rhat
phi[1]       50.45020659  4.442021e+01  50.31180000  57.97050000 129.97633 1.0107464
phi[2]       78.03961429  1.665717e+01  51.81830000 256.17082500  14.47758 1.0490751
phi[3]      177.38952198  1.659598e+02 178.09350000 189.13800000 155.55251 0.9953506
phi[4]       58.88719725  5.180548e+01  59.14450000  65.20421750  99.63511 0.9969811
phi[5]       71.58128901  5.232173e+01  62.13595000 140.91152500  50.91466 0.9971449
phi[6]       19.00373736  1.656785e+01  18.83855000  22.33900500 182.00000 0.9946494
phi[7]       59.39574505  5.512368e+01  59.27180000  63.65197000 121.52732 0.9964803
phi[8]       14.68011593  1.254790e+01  14.63895000  16.72819000 182.00000 1.0067332
phi[9]       79.71709176  7.273495e+01  79.57240000  86.71022250 127.86668 0.9950956
phi[10]     286.12848352  2.686884e+02 287.41650000 298.62600000 108.30085 1.0140990
phi[11]      51.11055110  4.522140e+01  50.86125000  57.06566500 135.41983 1.0029722
phi[12]       7.74895830  5.471954e+00   6.87462000  19.04736000  28.22088 0.9965334
gamma[1]      0.04348523  1.684268e-03   0.03645395   0.13559045 132.45880 1.0064755
gamma[2]      0.10903459  1.749694e-03   0.06274550   0.44915850  22.52763 1.0838081
gamma[3]      0.02995305  1.149802e-03   0.02720845   0.07786177 182.00000 1.0030102
gamma[4]      0.16595413  8.331772e-02   0.16094550   0.24105595 182.00000 1.0112217
gamma[5]      0.26915334  8.537938e-02   0.27754250   0.43457935  43.25856 1.0014140
gamma[6]      0.19807482  1.013818e-01   0.19808550   0.29271165 164.13800 1.0010163
gamma[7]      0.05225129  8.991560e-04   0.04773325   0.13808567  41.43335 1.0227096
gamma[8]      0.04414657  9.117098e-04   0.03666365   0.12697740  86.81005 0.9944912
gamma[9]      0.05666694  1.721091e-02   0.05671045   0.10228277 182.00000 1.0053661
gamma[10]     0.02175413  1.474815e-03   0.02040685   0.04857059 142.80813 0.9984931
gamma[11]     0.13845912  2.091843e-03   0.14610900   0.26611005  29.22382 1.0278549
gamma[12]     0.36317255  1.220121e-01   0.36599400   0.59058920  40.49391 1.0097144
mu_gamma     -1.71176747 -1.995192e+00  -1.78712000  -0.98772268 109.77248 1.0215928
sigma_gamma   1.81192131  7.211037e-01   1.69956500   3.94772050  30.46888 1.0653276
log_a[1]     -2.36832331 -3.348259e+00  -2.39950500  -1.41642275 149.21714 1.0035634
log_a[2]     -6.27610764 -7.736511e+00  -6.51382500  -3.53936125  16.56514 1.0379162
log_a[3]     -4.15950599 -4.697148e+00  -4.16470500  -3.55414600  94.40596 1.0209418
log_a[4]     -1.52086337 -2.464705e+00  -1.65459000  -0.06285669  68.29417 1.0154843
log_a[5]     -5.37480918 -6.690205e+00  -5.31081500  -4.10058000  39.70028 1.0014552
log_a[6]     -2.83728022 -4.449889e+00  -2.79033000  -1.11201625 182.00000 1.0004485
log_a[7]     -4.09180456 -4.675182e+00  -4.09900000  -3.42230850  84.13136 1.0495381
log_a[8]     -3.80003374 -4.729556e+00  -3.76639000  -3.06711975  58.62881 0.9964915
log_a[9]     -1.64039614 -2.289960e+00  -1.61668000  -1.11682500 182.00000 1.0108957
log_a[10]    -5.19775247 -5.554385e+00  -5.23491000  -4.64790625  25.30249 1.0387312
log_a[11]    -3.34250835 -4.467635e+00  -3.29454000  -2.56530100  39.36546 1.0034366
log_a[12]    -3.96820381 -7.149619e+00  -3.82057500  -0.82358580  39.31749 0.9946293
log_b[1]      0.73880729  6.992095e-01   0.73357250   0.81518115  22.69765 1.0350142
log_b[2]      0.74136088  6.990866e-01   0.73447950   0.81257453  29.42248 1.0280323
log_b[3]      0.73814527  6.982405e-01   0.73482350   0.80974777  29.77151 1.0351862
log_b[4]      0.73854584  6.989980e-01   0.72885050   0.81770327  23.74484 1.0315112
log_b[5]      0.74016347  6.998557e-01   0.73340800   0.81677525  26.12160 1.0516039
log_b[6]      0.74112745  7.020045e-01   0.73204350   0.82598210  28.18876 1.0170869
log_b[7]      0.73890345  6.999686e-01   0.73153400   0.82038137  31.70892 1.0258593
log_b[8]      0.74089268  6.994985e-01   0.72945850   0.83414827  30.68475 1.0433814
log_b[9]      0.73900760  7.003443e-01   0.72909950   0.83677293  29.24101 1.0749941
log_b[10]     0.73319373  6.940778e-01   0.72876750   0.80031160  22.85086 1.0771487
log_b[11]     0.73674702  6.988425e-01   0.72990350   0.80498965  21.08534 1.0457820
log_b[12]     0.73954163  6.961460e-01   0.73022750   0.84658532  31.25489 1.0425124
mu_a         -3.67233670 -4.765550e+00  -3.67141000  -2.43999900  58.98309 0.9982634
sigma_a       1.79047191  1.067849e+00   1.71644000   2.88144250  49.34437 0.9957118
mu_b          0.73874207  7.017755e-01   0.73042350   0.79888905  21.43695 1.0591713
sigma_b       0.01517960  2.208872e-03   0.01185080   0.04175028  58.32481 0.9954666

[1] "WAIC:"
$waic
[1] 12685.42

$p_waic
[1] 32.5933

$lppd
[1] -6310.116

$p_waic_1
[1] 31.37486

[1] "AIC:"
[1] 12728.23

[1] "Log likelihood"
$log_lik
      log_lik
1   -13.83778
2   -25.89671
3   -33.31767
4   -22.81240
5   -25.41638
6   -21.93334
7   -32.00115
8   -19.83114
9   -21.35632
10  -29.64511
11  -22.84987
12  -28.72251
13  -27.36120
14  -25.02616
15  -28.92952
16  -26.67773
17  -27.12482
18  -27.83082
19  -38.41641
20  -26.55444
21  -27.71804
22  -25.77761
23  -32.02308
24  -26.80934
25  -21.56317
26  -28.13448
27  -26.24793
28  -26.32240
29  -37.06128
30  -33.03209
31  -23.97733
32  -38.72136
33  -32.81153
34  -44.96157
35  -29.27439
36  -29.68707
37  -25.74899
38  -23.35733
39  -22.88178
40  -29.56482
41  -27.83839
42  -23.38192
43  -20.38529
44  -47.31424
45  -24.12288
46  -35.51369
47  -29.68548
48  -41.80146
49  -22.77021
50  -26.08386
51  -19.97414
52  -37.94243
53  -27.02321
54  -25.97289
55  -21.74407
56  -33.70756
57  -39.13211
58  -28.49122
59  -26.96193
60  -22.66340
61  -35.23144
62  -22.71642
63  -29.44289
64  -31.58710
65  -30.71680
66  -32.04550
67  -26.31492
68  -23.16384
69  -29.46616
70  -36.85000
71  -29.27536
72  -23.60318
73  -40.86851
74  -27.57823
75  -35.12001
76  -31.10850
77  -26.02107
78  -21.58378
79  -30.67900
80  -24.17280
81  -24.72702
82  -31.94388
83  -30.08568
84  -43.22959
85  -33.08731
86  -44.87009
87  -22.80992
88  -28.83797
89  -29.37505
90  -29.35272
91  -38.02824
92  -38.72031
93  -29.97033
94  -28.62873
95  -23.78240
96  -22.06040
97  -27.10301
98  -24.19301
99  -26.14308
100 -25.12010
101 -37.83418
102 -21.78724
103 -21.16692
104 -24.92597
105 -30.75123
106 -27.57010
107 -22.96326
108 -26.68398
109 -26.32270
110 -23.39529
111 -25.17128
112 -31.35859
113 -26.47653
114 -34.22333
115 -28.36978
116 -26.93961
117 -30.59953
118 -31.16425
119 -23.79949
120 -27.22010
121 -31.56023
122 -39.40259
123 -27.93126
124 -47.50826
125 -28.15411
126 -31.52823
127 -33.99630
128 -21.13303
129 -35.04957
130 -25.00987
131 -41.99521
132 -25.33400
133 -29.39966
134 -37.82841
135 -28.36012
136 -27.26680
137 -31.90175
138 -66.35576
139 -36.69416
140 -24.54531
141 -23.96541
142 -27.25154
143 -30.48817
144 -27.38914
145 -29.40495
146 -24.68728
147 -28.25294
148 -50.64054
149 -36.57606
150 -18.31218
151 -22.85991
152 -33.19270
153 -28.04350
154 -33.58379
155 -36.80492
156 -30.47832
157 -37.57473
158 -31.65767
159 -20.24757
160 -37.21577
161 -29.70955
162 -34.42089
163 -29.74644
164 -33.15595
165 -21.44821
166 -26.49560
167 -23.00857
168 -22.30635
169 -27.50251
170 -26.31480
171 -29.51420
172 -25.57310
173 -26.01841
174 -29.04844
175 -25.54470
176 -32.87284
177 -25.74791
178 -38.39310
179 -24.11812
180 -31.83789
181 -21.64033
182 -30.58635
183 -35.92382
184 -28.38711
185 -26.02371
186 -26.74472
187 -25.01891
188 -27.19533
189 -26.13147
190 -26.73188
191 -23.17244
192 -33.55715
193 -30.90997
194 -30.28910
195 -32.32267
196 -28.29306
197 -32.42367
198 -34.64472
199 -26.21847
200 -31.93867
201 -35.76035
202 -37.69054
203 -36.98096
204 -34.47751
205 -38.30897
206 -33.81647
207 -42.56586
208 -30.29124
209 -35.17717
210 -29.72513
211 -33.11139
212 -35.82797
213 -33.80477

$log_lik_iter
    log_lik_iter
1      -6322.177
2      -6327.547
3      -6318.866
4      -6321.511
5      -6322.229
6      -6326.208
7      -6321.458
8      -6326.005
9      -6325.803
10     -6324.967
11     -6324.899
12     -6324.450
13     -6321.159
14     -6332.181
15     -6326.712
16     -6319.805
17     -6327.518
18     -6330.930
19     -6329.713
20     -6322.437
21     -6329.758
22     -6321.261
23     -6321.961
24     -6330.220
25     -6321.935
26     -6321.193
27     -6326.033
28     -6324.296
29     -6324.745
30     -6329.989
31     -6333.185
32     -6326.479
33     -6327.173
34     -6328.990
35     -6319.335
36     -6326.566
37     -6328.109
38     -6326.915
39     -6330.860
40     -6327.035
41     -6322.737
42     -6326.619
43     -6332.897
44     -6321.815
45     -6327.272
46     -6326.734
47     -6329.595
48     -6321.886
49     -6331.640
50     -6334.195
51     -6326.974
52     -6328.077
53     -6320.732
54     -6327.796
55     -6328.924
56     -6319.435
57     -6331.025
58     -6319.326
59     -6325.951
60     -6339.596
61     -6325.687
62     -6320.104
63     -6323.237
64     -6330.166
65     -6321.113
66     -6329.067
67     -6326.751
68     -6326.592
69     -6324.239
70     -6324.038
71     -6323.165
72     -6321.978
73     -6328.725
74     -6329.859
75     -6321.495
76     -6323.580
77     -6323.375
78     -6331.724
79     -6330.965
80     -6320.783
81     -6325.015
82     -6327.077
83     -6325.455
84     -6328.851
85     -6329.765
86     -6325.278
87     -6329.763
88     -6334.606
89     -6325.745
90     -6330.965
91     -6322.193
92     -6322.831
93     -6331.785
94     -6329.547
95     -6331.572
96     -6327.465
97     -6323.791
98     -6324.920
99     -6322.761
100    -6326.567
101    -6324.037
102    -6329.653
103    -6326.881
104    -6324.086
105    -6318.417
106    -6323.460
107    -6329.703
108    -6326.133
109    -6323.436
110    -6320.716
111    -6323.210
112    -6327.483
113    -6324.487
114    -6318.861
115    -6330.960
116    -6324.109
117    -6323.619
118    -6322.003
119    -6326.460
120    -6325.433
121    -6327.394
122    -6323.410
123    -6328.257
124    -6324.801
125    -6334.415
126    -6320.973
127    -6323.589
128    -6324.389
129    -6326.271
130    -6321.425
131    -6326.726
132    -6323.623
133    -6327.288
134    -6321.116
135    -6326.555
136    -6324.031
137    -6318.027
138    -6327.743
139    -6322.500
140    -6326.012
141    -6326.720
142    -6326.174
143    -6330.635
144    -6323.727
145    -6321.409
146    -6324.705
147    -6320.000
148    -6329.666
149    -6326.483
150    -6320.360
151    -6322.667
152    -6331.572
153    -6326.285
154    -6329.470
155    -6328.676
156    -6328.097
157    -6323.482
158    -6330.708
159    -6325.500
160    -6327.386
161    -6326.981
162    -6323.533
163    -6326.881
164    -6328.972
165    -6321.021
166    -6325.262
167    -6323.578
168    -6325.570
169    -6325.337
170    -6329.406
171    -6325.479
172    -6320.952
173    -6331.640
174    -6324.822
175    -6323.759
176    -6329.648
177    -6328.523
178    -6319.640
179    -6324.329
180    -6326.222
181    -6323.712
182    -6327.160

$sum_log_lik
[1] -6310.116

