[1] "The taxa modelled are:"
 [1] "ASH"            "BEECH"          "BIRCH"          "ELM"            "HEMLOCK"        "MAPLE"         
 [7] "OAK"            "OTHER.CONIFER"  "OTHER.HARDWOOD" "PINE"           "SPRUCE"         "TAMARACK"      

[1] "Summary of posterior parameter vals:"
                      mean          2.5%          50%       97.5%    n_eff      Rhat
phi[1]         56.41896140  4.564650e+01  54.47335000  79.1096600 381.5473 1.0129576
phi[2]         35.11166720  1.841949e+01  34.48220000  56.9746100 432.6915 0.9982538
phi[3]        128.86355600  1.071543e+02 123.86200000 178.6569250 287.3861 0.9980604
phi[4]         63.10561760  4.294811e+01  61.89140000  94.9561150 349.2645 0.9981485
phi[5]        120.95704420  8.396977e+01 120.24450000 162.0550750 255.4014 1.0026519
phi[6]         22.97604980  1.555938e+01  22.13005000  34.4642100 312.3557 1.0006356
phi[7]         80.69329940  5.173170e+01  80.14250000 112.8346000 250.0573 0.9980956
phi[8]         15.07464420  1.127239e+01  14.30530000  23.1667875 279.0267 1.0011944
phi[9]         69.66426940  6.134683e+01  69.40495000  79.8270575 500.0000 0.9979981
phi[10]       284.38597000  2.480867e+02 288.55400000 299.5913000 221.7508 0.9987098
phi[11]        93.11978900  5.462555e+01  92.79915000 139.0536750 223.2378 1.0007635
phi[12]         7.30808314  5.695822e+00   6.91936500  11.3598925 144.3266 0.9986440
log_psi[1]     -0.92950987 -1.387382e+00  -0.95392700  -0.3073538 500.0000 1.0096924
log_psi[2]     -1.26312531 -1.586154e+00  -1.28974000  -0.7890411 500.0000 0.9980960
log_psi[3]     -1.74231422 -1.872190e+00  -1.74185500  -1.6102195 500.0000 0.9984335
log_psi[4]     -0.39071423 -9.533868e-01  -0.44571750   0.4069844 344.6069 0.9996638
log_psi[5]     -1.48669498 -1.631458e+00  -1.48899500  -1.3103595 500.0000 0.9981558
log_psi[6]     -0.75769377 -1.465747e+00  -0.82813050   0.4521522 330.5111 0.9989629
log_psi[7]     -1.52176130 -1.635210e+00  -1.52437500  -1.4034492 500.0000 0.9981687
log_psi[8]     -1.63393782 -1.877150e+00  -1.64378000  -1.3791565 500.0000 0.9981095
log_psi[9]     -0.96170565 -1.197863e+00  -0.97015300  -0.6930028 500.0000 0.9984103
log_psi[10]    -1.82716528 -1.921277e+00  -1.82597500  -1.7309305 500.0000 0.9981919
log_psi[11]    -1.32171201 -1.511553e+00  -1.32662000  -1.1085292 500.0000 1.0009576
log_psi[12]    -1.75631801 -2.289446e+00  -1.99466000   0.2040158 119.1829 0.9985168
log_gamma[1]   -3.27622805 -7.908427e+00  -2.82291000  -0.9630154 262.3242 1.0003008
log_gamma[2]   -1.22568065 -5.897350e+00  -0.70527150  -0.2237608 259.9102 1.0064358
log_gamma[3]   -3.03462545 -7.215072e+00  -2.55400500  -0.9062884 285.1835 0.9986710
log_gamma[4]   -1.85710427 -6.577322e+00  -1.24963500  -0.5398137 222.1870 0.9986108
log_gamma[5]   -0.21803170 -3.439454e-01  -0.21157350  -0.1377036 239.1311 1.0038182
log_gamma[6]   -2.09977869 -6.897624e+00  -1.49933500  -0.5535802 294.6039 1.0003618
log_gamma[7]   -0.65019797 -1.352351e+00  -0.58225750  -0.3304074 193.1185 0.9986009
log_gamma[8]   -2.86708756 -7.955361e+00  -2.46600500  -0.7334947 445.4266 0.9985183
log_gamma[9]   -4.33148600 -9.243105e+00  -3.85683500  -2.0320330 234.8370 1.0003148
log_gamma[10]  -0.57879442 -7.214720e-01  -0.57100300  -0.4834244 342.5985 0.9984514
log_gamma[11]  -1.04273770 -3.393569e+00  -0.74829150  -0.3961698 144.6274 1.0024434
log_gamma[12]  -1.97217660 -2.140121e+00  -1.97498000  -1.8044022 202.6348 0.9997526
mu_psi          0.15750394  5.945509e-03   0.11024800   0.5826795 500.0000 0.9993386
sigma_psi       1.71910189  1.064392e+00   1.62446500   2.7325267 500.0000 0.9984180
mu_gamma        0.25721925  1.023367e-02   0.19132150   0.8180426 500.0000 1.0010781
sigma_gamma     2.95109530  1.410396e+00   2.65333500   6.0376992 116.8631 0.9982190
psi[1]          0.41014666  2.497314e-01   0.38522550   0.7353903 245.8491 1.0137328
psi[2]          0.28828209  2.047109e-01   0.27534200   0.4542806 500.0000 0.9982118
psi[3]          0.17550810  1.537870e-01   0.17519450   0.1998441 500.0000 0.9984862
psi[4]          0.71718870  3.854624e-01   0.64036550   1.5024675 248.0914 0.9990650
psi[5]          0.22682790  1.956437e-01   0.22560000   0.2697237 500.0000 0.9980661
psi[6]          0.52731548  2.309054e-01   0.43686500   1.5717155 216.7262 0.9994260
psi[7]          0.21873490  1.949122e-01   0.21775750   0.2457483 500.0000 0.9980823
psi[8]          0.19687835  1.530257e-01   0.19324800   0.2517915 500.0000 0.9982642
psi[9]          0.38568696  3.018403e-01   0.37902500   0.5000801 500.0000 0.9981949
psi[10]         0.16107259  1.464198e-01   0.16106000   0.1771199 500.0000 0.9981627
psi[11]         0.26827908  2.205670e-01   0.26537200   0.3300439 500.0000 1.0016283
psi[12]         0.23965959  1.013224e-01   0.13605950   1.2263185 118.7181 0.9980196
gamma[1]        0.09310592  3.682526e-04   0.05943275   0.3817461 261.6816 1.0026341
gamma[2]        0.44908918  2.780861e-03   0.49397450   0.7995064 398.5353 0.9997025
gamma[3]        0.11110199  7.369921e-04   0.07776955   0.4040327 298.5338 0.9979980
gamma[4]        0.27177109  1.399590e-03   0.28661000   0.5828837 305.6699 0.9989933
gamma[5]        0.80526577  7.089678e-01   0.80930950   0.8713573 233.4322 1.0035298
gamma[6]        0.23780564  1.015904e-03   0.22327900   0.5748878 272.0778 0.9996011
gamma[7]        0.53941791  2.586342e-01   0.55863650   0.7186310 191.6574 0.9980101
gamma[8]        0.13978695  3.507976e-04   0.08492340   0.4802300 296.7793 1.0009013
gamma[9]        0.03258057  9.686149e-05   0.02113525   0.1310705 347.6980 1.0011672
gamma[10]       0.56157370  4.860368e-01   0.56495850   0.6166685 343.4566 0.9983237

[1] "WAIC:"
$waic
[1] 12564.99

$p_waic
[1] 43.79762

$lppd
[1] -6238.699

$p_waic_1
[1] 42.50739

